Sensor,Recording date UTC,Recording start time,Event value,Gaze point X,Gaze point Y,Gaze point left X,Gaze point left Y,Gaze point right X,Gaze point right Y,Gaze direction left X,Gaze direction left Y,Gaze direction left Z,Gaze direction right X,Gaze direction right Y,Gaze direction right Z,Pupil diameter left,Pupil diameter right,Validity left,Validity right,Eye position left X (DACSmm),Eye position left Y (DACSmm),Eye position left Z (DACSmm),Eye position right X (DACSmm),Eye position right Y (DACSmm),Eye position right Z (DACSmm),Gaze point left X (DACSmm),Gaze point left Y (DACSmm),Gaze point right X (DACSmm),Gaze point right Y (DACSmm),Gaze point X (MCSnorm),Gaze point Y (MCSnorm),Gaze point left X (MCSnorm),Gaze point left Y (MCSnorm),Gaze point right X (MCSnorm),Gaze point right Y (MCSnorm),Presented Media height,Eye movement type,Gaze event duration,Eye movement type index,Fixation point X,Fixation point Y,Fixation point X (MCSnorm),Fixation point Y (MCSnorm)
0,30.09.2020,14:54:28.720,0,0.0,0.0,0.0,0.0,0.0,0.0,0,0,0,0,0,0,0,0,0,0,0,0,0,0,0,0,0,0,0,0,0,0,0,0,0,0,0.0,Unclassified,17.0,104.0,0.0,0.0,0,0
0,30.09.2020,14:54:28.720,babelia 6164137243739591,0.0,0.0,0.0,0.0,0.0,0.0,0,0,0,0,0,0,0,0,0,0,0,0,0,0,0,0,0,0,0,0,0,0,0,0,0,0,0.0,Unclassified,17.0,104.0,0.0,0.0,0,0
Eye Tracker,30.09.2020,14:54:28.720,0,1661.0,911.0,1627.0,951.0,1694.0,871.0,"0,31520","0,31536","-0,89510","0,25802","0,29759","-0,91916",0,0,Valid,Valid,"198,3","12,4","703,3","265,1","8,6","709,7","445,9","260,1","464,3","238,4","0,9217","0,8433","0,9015","0,8801","0,9419","0,8065",1080.0,Unclassified,17.0,104.0,0.0,0.0,0,0
Eye Tracker,30.09.2020,14:54:28.720,0,0.0,0.0,0.0,0.0,0.0,0.0,0,0,0,0,0,0,0,0,Invalid,Invalid,0,0,0,0,0,0,0,0,0,0,0,0,0,0,0,0,1080.0,EyesNotFound,8.0,70.0,0.0,0.0,0,0
Eye Tracker,30.09.2020,14:54:28.720,0,1688.0,906.0,1649.0,957.0,1727.0,854.0,"0,32155","0,31650","-0,89243","0,26902","0,29099","-0,91813","2,68","3,00",Valid,Valid,"198,7","12,7","702,9","265,5","8,8","709,6","452,0","262,0","473,4","233,7","0,9383","0,8385","0,9147","0,8863","0,9619","0,7907",1080.0,Unclassified,17.0,105.0,0.0,0.0,0,0
Eye Tracker,30.09.2020,14:54:28.720,0,1696.0,888.0,1650.0,936.0,1741.0,840.0,"0,32259","0,30976","-0,89442","0,27369","0,28601","-0,91831",0,0,Valid,Valid,"198,9","12,9","702,6","265,7","9,0","709,5","452,3","256,3","477,1","230,0","0,9428","0,8225","0,9155","0,8670","0,9700","0,7780",1080.0,Unclassified,17.0,105.0,0.0,0.0,0,0
Eye Tracker,30.09.2020,14:54:28.720,0,0.0,0.0,0.0,0.0,0.0,0.0,0,0,0,0,0,0,0,0,Invalid,Invalid,0,0,0,0,0,0,0,0,0,0,0,0,0,0,0,0,1080.0,EyesNotFound,8.0,71.0,0.0,0.0,0,0
Eye Tracker,30.09.2020,14:54:28.720,0,1719.0,861.0,0.0,0.0,1719.0,861.0,0,0,0,"0,26555","0,29289","-0,91853",0,"3,08",Invalid,Valid,0,0,0,"266,0","9,3","709,4",0,0,"471,1","235,5","0,9567","0,7968",0,0,"0,9567","0,7968",1080.0,Unclassified,17.0,106.0,0.0,0.0,0,0
Eye Tracker,30.09.2020,14:54:28.720,0,1693.0,911.0,1665.0,953.0,1721.0,869.0,"0,32636","0,31396","-0,89158","0,26597","0,29528","-0,91764",0,0,Valid,Valid,"199,4","13,6","702,0","266,1","9,5","709,3","456,4","260,8","471,7","237,7","0,9413","0,8434","0,9244","0,8825","0,9582","0,8043",1080.0,Unclassified,17.0,106.0,0.0,0.0,0,0
Eye Tracker,30.09.2020,14:54:28.720,0,0.0,0.0,0.0,0.0,0.0,0.0,0,0,0,0,0,0,0,0,Invalid,Invalid,0,0,0,0,0,0,0,0,0,0,0,0,0,0,0,0,1080.0,EyesNotFound,8.0,72.0,0.0,0.0,0,0
Eye Tracker,30.09.2020,14:54:28.720,0,1657.0,915.0,1558.0,1001.0,1755.0,829.0,"0,29063","0,33230","-0,89728","0,27802","0,28100","-0,91856","3,45","3,16",Valid,Valid,"199,8","14,1","701,6","266,4","9,8","709,3","427,0","273,9","481,1","226,7","0,9193","0,8470","0,8599","0,9269","0,9787","0,7672",1080.0,Unclassified,17.0,107.0,0.0,0.0,0,0
Eye Tracker,30.09.2020,14:54:28.720,0,1686.0,885.0,1591.0,959.0,1781.0,810.0,"0,30250","0,31780","-0,89861","0,28660","0,27417","-0,91798",0,0,Valid,Valid,"200,0","14,4","701,2","266,6","9,9","709,2","436,0","262,4","488,1","221,8","0,9368","0,8190","0,8797","0,8877","0,9940","0,7503",1080.0,Unclassified,17.0,107.0,0.0,0.0,0,0
Eye Tracker,30.09.2020,14:54:28.720,0,0.0,0.0,0.0,0.0,0.0,0.0,0,0,0,0,0,0,0,0,Invalid,Invalid,0,0,0,0,0,0,0,0,0,0,0,0,0,0,0,0,1080.0,EyesNotFound,8.0,73.0,0.0,0.0,0,0
Eye Tracker,30.09.2020,14:54:28.720,0,1681.0,891.0,1581.0,972.0,1781.0,810.0,"0,29881","0,32213","-0,89830","0,28622","0,27398","-0,91816","3,16","3,03",Valid,Valid,"200,4","14,8","700,6","267,0","10,1","709,2","433,4","266,0","488,1","221,8","0,9340","0,8252","0,8740","0,9001","0,9940","0,7503",1080.0,Saccade,17.0,83.0,0.0,0.0,0,0
Eye Tracker,30.09.2020,14:54:28.720,0,1648.0,930.0,1595.0,988.0,1701.0,873.0,"0,30240","0,32650","-0,89552","0,25798","0,29653","-0,91952",0,0,Valid,Valid,"200,6","15,0","700,3","267,2","10,2","709,1","437,1","270,3","466,1","238,9","0,9139","0,8614","0,8820","0,9145","0,9458","0,8083",1080.0,Saccade,17.0,83.0,0.0,0.0,0,0
Eye Tracker,30.09.2020,14:54:28.720,0,1729.0,885.0,0.0,0.0,1729.0,885.0,0,0,0,"0,26687","0,29954","-0,91600",0,0,Invalid,Valid,0,0,0,"267,3","10,3","709,0",0,0,"473,9","242,1","0,9628","0,8192",0,0,"0,9628","0,8192",1080.0,Fixation,83.0,24.0,1681.0,925.0,"0,9337","0,8567"
Eye Tracker,30.09.2020,14:54:28.720,0,1666.0,933.0,1604.0,977.0,1728.0,889.0,"0,30559","0,32291","-0,89573","0,26611","0,30097","-0,91575","2,98","3,16",Valid,Valid,"200,9","15,2","699,8","267,5","10,3","709,0","439,7","267,4","473,5","243,3","0,9249","0,8640","0,8877","0,9048","0,9621","0,8233",1080.0,Fixation,83.0,24.0,1681.0,925.0,"0,9337","0,8567"
Eye Tracker,30.09.2020,14:54:28.720,0,1683.0,918.0,1616.0,962.0,1750.0,873.0,"0,30972","0,31790","-0,89611","0,27384","0,29500","-0,91542",0,0,Valid,Valid,"201,1","15,2","699,5","267,7","10,4","708,9","442,9","263,4","479,7","238,8","0,9352","0,8496","0,8948","0,8911","0,9757","0,8081",1080.0,Fixation,83.0,24.0,1681.0,925.0,"0,9337","0,8567"
Eye Tracker,30.09.2020,14:54:28.720,0,1690.0,925.0,1641.0,970.0,1738.0,880.0,"0,31739","0,31949","-0,89286","0,26965","0,29759","-0,91582",0,0,Valid,Valid,"201,2","15,2","699,3","267,7","10,4","708,8","449,8","265,5","476,5","240,7","0,9392","0,8563","0,9099","0,8982","0,9685","0,8145",1080.0,Fixation,83.0,24.0,1681.0,925.0,"0,9337","0,8567"
Eye Tracker,30.09.2020,14:54:28.720,0,1701.0,919.0,1620.0,985.0,1782.0,852.0,"0,31003","0,32508","-0,89342","0,28444","0,28743","-0,91459","3,31","2,83",Valid,Valid,"201,4","15,3","699,1","267,9","10,5","708,6","444,0","269,6","488,3","233,2","0,9458","0,8506","0,8972","0,9122","0,9945","0,7889",1080.0,Fixation,83.0,24.0,1681.0,925.0,"0,9337","0,8567"
Eye Tracker,30.09.2020,14:54:28.720,0,1682.0,929.0,1603.0,988.0,1761.0,869.0,"0,30440","0,32678","-0,89474","0,27720","0,29364","-0,91484",0,0,Valid,Valid,"201,5","15,2","698,8","268,0","10,6","708,2","439,3","270,5","482,6","237,9","0,9344","0,8601","0,8868","0,9151","0,9820","0,8051",1080.0,Fixation,83.0,24.0,1681.0,925.0,"0,9337","0,8567"
Eye Tracker,30.09.2020,14:54:28.720,0,1680.0,920.0,1588.0,973.0,1772.0,868.0,"0,30022","0,32247","-0,89771","0,28098","0,29274","-0,91398",0,0,Valid,Valid,"201,6","15,2","698,6","268,1","10,7","707,9","435,2","266,2","485,7","237,4","0,9333","0,8519","0,8779","0,9006","0,9888","0,8033",1080.0,Fixation,83.0,24.0,1681.0,925.0,"0,9337","0,8567"
Eye Tracker,30.09.2020,14:54:28.720,0,1676.0,927.0,1588.0,973.0,1764.0,881.0,"0,30013","0,32258","-0,89770","0,27789","0,29732","-0,91344","3,46","2,94",Valid,Valid,"201,7","15,3","698,2","268,2","10,8","707,5","435,1","266,2","483,4","241,1","0,9308","0,8581","0,8778","0,9005","0,9838","0,8158",1080.0,Fixation,83.0,24.0,1681.0,925.0,"0,9337","0,8567"
Eye Tracker,30.09.2020,14:54:28.720,0,1677.0,933.0,1587.0,967.0,1768.0,899.0,"0,30003","0,32084","-0,89835","0,27877","0,30285","-0,91136",0,0,Valid,Valid,"201,8","15,3","697,8","268,2","11,0","707,0","434,9","264,5","484,5","245,9","0,9317","0,8635","0,8772","0,8950","0,9862","0,8320",1080.0,Fixation,83.0,24.0,1681.0,925.0,"0,9337","0,8567"
Eye Tracker,30.09.2020,14:54:28.720,0,1678.0,930.0,1607.0,962.0,1750.0,897.0,"0,30664","0,31890","-0,89681","0,27312","0,30297","-0,91303",0,0,Valid,Valid,"201,8","15,3","697,5","268,2","11,1","706,5","440,3","263,3","479,6","245,5","0,9322","0,8608","0,8891","0,8910","0,9754","0,8307",1080.0,Fixation,83.0,24.0,1681.0,925.0,"0,9337","0,8567"
Eye Tracker,30.09.2020,14:54:28.720,0,1682.0,934.0,1593.0,972.0,1770.0,896.0,"0,30229","0,32256","-0,89698","0,28004","0,30218","-0,91119","3,16","2,98",Valid,Valid,"201,8","15,3","697,0","268,2","11,1","706,1","436,7","266,0","485,2","245,3","0,9345","0,8649","0,8812","0,8999","0,9877","0,8299",1080.0,Saccade,17.0,84.0,0.0,0.0,0,0
Eye Tracker,30.09.2020,14:54:28.720,0,1576.0,901.0,1513.0,928.0,1639.0,875.0,"0,27789","0,31139","-0,90874","0,23734","0,29914","-0,92422",0,0,Valid,Valid,"201,6","15,3","696,4","267,9","11,1","705,6","414,5","253,9","449,1","239,5","0,8705","0,8347","0,8325","0,8592","0,9085","0,8102",1080.0,Saccade,17.0,84.0,0.0,0.0,0,0
Eye Tracker,30.09.2020,14:54:28.720,0,0.0,0.0,0.0,0.0,0.0,0.0,0,0,0,0,0,0,0,0,Invalid,Invalid,0,0,0,0,0,0,0,0,0,0,0,0,0,0,0,0,1080.0,EyesNotFound,8.0,74.0,0.0,0.0,0,0
Eye Tracker,30.09.2020,14:54:28.720,0,1500.0,850.0,1431.0,862.0,1569.0,838.0,"0,25348","0,29265","-0,92201","0,21538","0,28913","-0,93275","3,28","3,15",Valid,Valid,"201,0","15,1","695,7","267,2","10,9","704,8","392,3","235,9","430,0","229,3","0,8251","0,7870","0,7837","0,7981","0,8665","0,7759",1080.0,Saccade,50.0,85.0,0.0,0.0,0,0
Eye Tracker,30.09.2020,14:54:28.720,0,1387.0,736.0,1311.0,772.0,1462.0,700.0,"0,21226","0,26695","-0,94004","0,18112","0,24422","-0,95266",0,0,Valid,Valid,"200,2","10,9","705,2","266,9","10,9","704,4","359,4","211,2","400,8","191,5","0,7569","0,6812","0,7114","0,7145","0,8024","0,6478",1080.0,Saccade,50.0,85.0,0.0,0.0,0,0
Eye Tracker,30.09.2020,14:54:28.720,0,1034.0,441.0,961.0,465.0,1108.0,417.0,"0,08820","0,16556","-0,98225","0,05180","0,14459","-0,98814",0,0,Valid,Valid,"199,2","6,7","715,1","266,7","11,0","704,0","263,4","127,3","303,6","114,0","0,5447","0,4082","0,5006","0,4306","0,5888","0,3858",1080.0,Saccade,50.0,85.0,0.0,0.0,0,0
Eye Tracker,30.09.2020,14:54:28.720,0,1015.0,445.0,958.0,463.0,1072.0,427.0,"0,08709","0,16478","-0,98248","0,03838","0,14822","-0,98821","3,12","3,05",Valid,Valid,"199,1","6,6","715,6","266,5","11,3","703,5","262,5","126,6","293,8","116,8","0,5331","0,4118","0,4987","0,4285","0,5675","0,3952",1080.0,Saccade,50.0,85.0,0.0,0.0,0,0
Eye Tracker,30.09.2020,14:54:28.720,0,991.0,437.0,947.0,438.0,1035.0,435.0,"0,08339","0,15336","-0,98465","0,02417","0,15118","-0,98821",0,0,Valid,Valid,"199,6","9,6","708,8","266,5","11,6","703,2","259,6","120,0","283,7","119,2","0,5187","0,4046","0,4923","0,4060","0,5451","0,4032",1080.0,Saccade,50.0,85.0,0.0,0.0,0,0
Eye Tracker,30.09.2020,14:54:28.720,0,983.0,406.0,944.0,443.0,1021.0,369.0,"0,08264","0,15217","-0,98489","0,01902","0,12577","-0,99188",0,0,Valid,Valid,"200,0","13,1","700,9","266,5","11,8","702,8","258,8","121,4","280,0","100,9","0,5138","0,3761","0,4906","0,4106","0,5370","0,3415",1080.0,Saccade,50.0,85.0,0.0,0.0,0,0
Eye Tracker,30.09.2020,14:54:28.720,0,978.0,408.0,938.0,438.0,1018.0,378.0,"0,08031","0,14977","-0,98545","0,01781","0,12895","-0,99149","3,05","3,15",Valid,Valid,"200,0","13,2","700,8","266,4","11,9","702,8","257,1","119,7","279,1","103,3","0,5109","0,3773","0,4868","0,4051","0,5351","0,3495",1080.0,Fixation,75.0,25.0,972.0,403.0,"0,5074","0,3735"
Eye Tracker,30.09.2020,14:54:28.720,0,1037.0,368.0,0.0,0.0,1037.0,368.0,0,0,0,"0,02525","0,12516","-0,99182",0,0,Invalid,Valid,0,0,0,"266,4","12,0","702,8",0,0,"284,3","100,7","0,5465","0,3407",0,0,"0,5465","0,3407",1080.0,Fixation,75.0,25.0,972.0,403.0,"0,5074","0,3735"
Eye Tracker,30.09.2020,14:54:28.720,0,985.0,395.0,932.0,431.0,1037.0,359.0,"0,07824","0,14556","-0,98625","0,02513","0,12214","-0,99219",0,0,Valid,Valid,"200,2","15,2","696,5","266,5","11,7","703,4","255,5","117,9","284,3","98,3","0,5148","0,3659","0,4832","0,3991","0,5465","0,3327",1080.0,Fixation,75.0,25.0,972.0,403.0,"0,5074","0,3735"
Eye Tracker,30.09.2020,14:54:28.720,0,978.0,399.0,932.0,422.0,1025.0,376.0,"0,07812","0,14204","-0,98677","0,02021","0,12955","-0,99137","3,03","3,09",Valid,Valid,"200,2","15,1","696,7","266,5","10,5","706,4","255,3","115,4","280,9","102,8","0,5110","0,3692","0,4829","0,3905","0,5391","0,3479",1080.0,Fixation,75.0,25.0,972.0,403.0,"0,5074","0,3735"
Eye Tracker,30.09.2020,14:54:28.720,0,966.0,408.0,916.0,444.0,1015.0,372.0,"0,07220","0,15031","-0,98600","0,01610","0,12926","-0,99148",0,0,Valid,Valid,"200,2","15,3","696,4","266,6","9,4","709,0","251,2","121,4","278,1","101,9","0,5033","0,3778","0,4738","0,4109","0,5329","0,3446",1080.0,Fixation,75.0,25.0,972.0,403.0,"0,5074","0,3735"
Eye Tracker,30.09.2020,14:54:28.720,0,967.0,404.0,919.0,447.0,1016.0,361.0,"0,07322","0,15119","-0,98579","0,01674","0,12519","-0,99199",0,0,Valid,Valid,"200,1","15,4","696,2","266,5","9,3","709,4","251,8","122,2","278,5","98,8","0,5045","0,3739","0,4752","0,4135","0,5338","0,3342",1080.0,Fixation,75.0,25.0,972.0,403.0,"0,5074","0,3735"
Eye Tracker,30.09.2020,14:54:28.720,0,958.0,413.0,903.0,448.0,1012.0,378.0,"0,06727","0,15194","-0,98610","0,01526","0,13170","-0,99117","2,98","3,13",Valid,Valid,"200,1","15,4","696,2","266,5","9,0","710,0","247,6","122,7","277,5","103,3","0,4987","0,3824","0,4659","0,4152","0,5315","0,3497",1080.0,Fixation,75.0,25.0,972.0,403.0,"0,5074","0,3735"
Eye Tracker,30.09.2020,14:54:28.720,0,961.0,416.0,907.0,455.0,1016.0,376.0,"0,06883","0,15440","-0,98561","0,01668","0,13135","-0,99120",0,0,Valid,Valid,"200,0","15,4","696,2","266,5","8,8","710,3","248,6","124,5","278,4","103,0","0,5009","0,3848","0,4681","0,4213","0,5336","0,3484",1080.0,Fixation,75.0,25.0,972.0,403.0,"0,5074","0,3735"
Eye Tracker,30.09.2020,14:54:28.720,0,964.0,397.0,902.0,454.0,1025.0,340.0,"0,06712","0,15419","-0,98576","0,02041","0,11784","-0,99282",0,0,Valid,Valid,"199,8","15,5","696,3","266,3","8,6","710,8","247,2","124,4","281,0","92,9","0,5022","0,3676","0,4651","0,4208","0,5392","0,3145",1080.0,Fixation,75.0,25.0,972.0,403.0,"0,5074","0,3735"
Eye Tracker,30.09.2020,14:54:28.720,0,966.0,397.0,909.0,440.0,1023.0,354.0,"0,07005","0,14850","-0,98643","0,01969","0,12356","-0,99214","3,34","3,02",Valid,Valid,"199,7","15,4","696,3","266,3","8,3","711,3","249,1","120,3","280,4","96,9","0,5036","0,3674","0,4693","0,4070","0,5379","0,3278",1080.0,Saccade,17.0,86.0,0.0,0.0,0,0
Eye Tracker,30.09.2020,14:54:28.720,0,961.0,369.0,906.0,416.0,1017.0,322.0,"0,06915","0,13963","-0,98779","0,01747","0,11177","-0,99358",0,0,Valid,Valid,"199,6","15,4","696,3","266,2","8,0","711,7","248,3","113,8","278,7","88,1","0,5008","0,3416","0,4675","0,3852","0,5342","0,2981",1080.0,Saccade,17.0,86.0,0.0,0.0,0,0
Eye Tracker,30.09.2020,14:54:28.720,0,968.0,362.0,920.0,402.0,1015.0,321.0,"0,07496","0,13445","-0,98808","0,01705","0,11196","-0,99357",0,0,Valid,Valid,"199,4","15,4","696,4","266,0","7,7","712,0","252,2","110,1","278,2","88,0","0,5046","0,3352","0,4760","0,3726","0,5331","0,2977",1080.0,Fixation,117.0,26.0,969.0,369.0,"0,5051","0,3414"
Eye Tracker,30.09.2020,14:54:28.720,0,970.0,362.0,922.0,403.0,1018.0,321.0,"0,07575","0,13460","-0,98800","0,01854","0,11217","-0,99352","3,17","3,00",Valid,Valid,"199,2","15,3","696,5","265,8","7,4","712,5","252,6","110,2","279,1","87,9","0,5060","0,3350","0,4769","0,3728","0,5352","0,2972",1080.0,Fixation,117.0,26.0,969.0,369.0,"0,5051","0,3414"
Eye Tracker,30.09.2020,14:54:28.720,0,971.0,369.0,922.0,407.0,1021.0,330.0,"0,07595","0,13650","-0,98772","0,01959","0,11595","-0,99306",0,0,Valid,Valid,"199,0","15,2","696,5","265,7","7,1","712,9","252,6","111,5","279,8","90,3","0,5067","0,3414","0,4769","0,3772","0,5365","0,3056",1080.0,Fixation,117.0,26.0,969.0,369.0,"0,5051","0,3414"
Eye Tracker,30.09.2020,14:54:28.720,0,971.0,365.0,917.0,398.0,1026.0,333.0,"0,07461","0,13286","-0,98832","0,02180","0,11728","-0,99286",0,0,Valid,Valid,"198,8","15,2","696,5","265,5","6,8","713,2","251,4","108,8","281,1","91,0","0,5069","0,3381","0,4742","0,3681","0,5396","0,3080",1080.0,Fixation,117.0,26.0,969.0,369.0,"0,5051","0,3414"
Eye Tracker,30.09.2020,14:54:28.720,0,973.0,370.0,920.0,396.0,1026.0,344.0,"0,07605","0,13245","-0,98827","0,02210","0,12176","-0,99231","3,08","3,08",Valid,Valid,"198,6","15,1","696,6","265,3","6,5","713,5","252,2","108,5","281,2","94,1","0,5079","0,3426","0,4761","0,3669","0,5397","0,3184",1080.0,Fixation,117.0,26.0,969.0,369.0,"0,5051","0,3414"
Eye Tracker,30.09.2020,14:54:28.720,0,970.0,377.0,916.0,401.0,1024.0,352.0,"0,07449","0,13438","-0,98813","0,02170","0,12500","-0,99192",0,0,Valid,Valid,"198,4","15,1","696,7","265,2","6,4","713,5","250,9","109,8","280,8","96,3","0,5060","0,3487","0,4733","0,3715","0,5388","0,3260",1080.0,Fixation,117.0,26.0,969.0,369.0,"0,5051","0,3414"
Eye Tracker,30.09.2020,14:54:28.720,0,973.0,376.0,927.0,448.0,1018.0,304.0,"0,07897","0,15214","-0,98520","0,01968","0,10706","-0,99406",0,0,Valid,Valid,"198,2","15,1","696,7","264,9","6,4","713,5","254,0","122,7","279,0","83,2","0,5075","0,3483","0,4801","0,4150","0,5350","0,2815",1080.0,Fixation,117.0,26.0,969.0,369.0,"0,5051","0,3414"
Eye Tracker,30.09.2020,14:54:28.720,0,984.0,355.0,933.0,400.0,1035.0,309.0,"0,08157","0,13374","-0,98765","0,02620","0,10899","-0,99370","2,92","3,13",Valid,Valid,"198,0","15,1","696,8","264,8","6,3","713,4","255,6","109,4","283,6","84,6","0,5142","0,3283","0,4834","0,3703","0,5450","0,2862",1080.0,Fixation,117.0,26.0,969.0,369.0,"0,5051","0,3414"
Eye Tracker,30.09.2020,14:54:28.720,0,971.0,374.0,909.0,439.0,1032.0,309.0,"0,07271","0,14874","-0,98620","0,02533","0,10877","-0,99374",0,0,Valid,Valid,"197,9","15,2","696,8","264,6","6,4","713,3","249,2","120,3","282,8","84,5","0,5064","0,3464","0,4695","0,4069","0,5432","0,2859",1080.0,Fixation,117.0,26.0,969.0,369.0,"0,5051","0,3414"
Eye Tracker,30.09.2020,14:54:28.720,0,973.0,369.0,929.0,429.0,1017.0,309.0,"0,08047","0,14437","-0,98625","0,01996","0,10878","-0,99387",0,0,Valid,Valid,"197,7","15,3","696,9","264,4","6,5","713,0","254,5","117,3","278,7","84,6","0,5077","0,3415","0,4811","0,3968","0,5343","0,2861",1080.0,Fixation,117.0,26.0,969.0,369.0,"0,5051","0,3414"
Eye Tracker,30.09.2020,14:54:28.720,0,975.0,367.0,933.0,424.0,1017.0,309.0,"0,08247","0,14254","-0,98635","0,02015","0,10861","-0,99388","3,03","3,29",Valid,Valid,"197,5","15,3","696,9","264,3","6,7","712,8","255,8","116,1","278,7","84,6","0,5091","0,3394","0,4839","0,3927","0,5343","0,2861",1080.0,Fixation,117.0,26.0,969.0,369.0,"0,5051","0,3414"
Eye Tracker,30.09.2020,14:54:28.720,0,971.0,359.0,926.0,415.0,1017.0,304.0,"0,07969","0,13876","-0,98711","0,02018","0,10640","-0,99412",0,0,Valid,Valid,"197,4","15,5","696,9","264,2","6,9","712,4","253,7","113,5","278,6","83,1","0,5067","0,3325","0,4793","0,3839","0,5341","0,2812",1080.0,Fixation,117.0,26.0,969.0,369.0,"0,5051","0,3414"
Eye Tracker,30.09.2020,14:54:28.720,0,946.0,363.0,908.0,417.0,984.0,310.0,"0,07314","0,13966","-0,98749","0,00798","0,10850","-0,99406",0,0,Valid,Valid,"197,3","15,6","697,0","264,0","7,0","712,1","248,9","114,2","269,7","84,7","0,4917","0,3365","0,4688","0,3864","0,5145","0,2867",1080.0,Fixation,117.0,26.0,969.0,369.0,"0,5051","0,3414"
Eye Tracker,30.09.2020,14:54:28.720,0,950.0,377.0,908.0,417.0,993.0,338.0,"0,07309","0,13941","-0,98753","0,01152","0,11882","-0,99285","3,19","2,95",Valid,Valid,"197,2","15,7","697,0","264,0","7,2","711,8","248,8","114,1","272,2","92,4","0,4943","0,3493","0,4686","0,3861","0,5200","0,3126",1080.0,Fixation,117.0,26.0,969.0,369.0,"0,5051","0,3414"
Eye Tracker,30.09.2020,14:54:28.720,0,960.0,379.0,924.0,421.0,997.0,337.0,"0,07929","0,14067","-0,98688","0,01288","0,11824","-0,99290",0,0,Valid,Valid,"197,2","15,9","697,0","263,9","7,4","711,4","253,2","115,2","273,2","92,1","0,5001","0,3508","0,4782","0,3898","0,5221","0,3118",1080.0,Saccade,8.0,87.0,0.0,0.0,0,0
Eye Tracker,30.09.2020,14:54:28.720,0,975.0,374.0,928.0,424.0,1021.0,324.0,"0,08109","0,14168","-0,98658","0,02237","0,11304","-0,99334",0,0,Valid,Valid,"197,1","16,0","697,0","263,9","7,6","711,2","254,4","116,1","279,9","88,5","0,5089","0,3462","0,4809","0,3928","0,5368","0,2996",1080.0,Fixation,108.0,27.0,974.0,365.0,"0,5084","0,3380"
Eye Tracker,30.09.2020,14:54:28.720,0,979.0,360.0,928.0,424.0,1030.0,295.0,"0,08104","0,14152","-0,98661","0,02566","0,10215","-0,99444","3,16","3,01",Valid,Valid,"197,2","16,1","697,0","263,9","7,8","710,9","254,4","116,1","282,3","80,8","0,5115","0,3331","0,4809","0,3928","0,5420","0,2735",1080.0,Fixation,108.0,27.0,974.0,365.0,"0,5084","0,3380"
Eye Tracker,30.09.2020,14:54:28.720,0,975.0,365.0,923.0,429.0,1027.0,300.0,"0,07906","0,14328","-0,98652","0,02430","0,10368","-0,99431",0,0,Valid,Valid,"197,2","16,3","697,0","264,0","8,0","710,7","253,1","117,5","281,4","82,1","0,5090","0,3377","0,4780","0,3976","0,5401","0,2778",1080.0,Fixation,108.0,27.0,974.0,365.0,"0,5084","0,3380"
Eye Tracker,30.09.2020,14:54:28.720,0,972.0,366.0,920.0,423.0,1024.0,310.0,"0,07787","0,14078","-0,98697","0,02321","0,10714","-0,99397",0,0,Valid,Valid,"197,3","16,4","697,0","264,0","8,2","710,4","252,2","115,8","280,6","84,8","0,5073","0,3393","0,4761","0,3919","0,5384","0,2868",1080.0,Fixation,108.0,27.0,974.0,365.0,"0,5084","0,3380"
Eye Tracker,30.09.2020,14:54:28.720,0,973.0,367.0,920.0,423.0,1026.0,310.0,"0,07761","0,14063","-0,98702","0,02371","0,10709","-0,99397","3,12","2,98",Valid,Valid,"197,4","16,5","697,0","264,1","8,4","710,2","252,2","115,8","281,1","84,9","0,5077","0,3395","0,4760","0,3918","0,5394","0,2872",1080.0,Fixation,108.0,27.0,974.0,365.0,"0,5084","0,3380"
Eye Tracker,30.09.2020,14:54:28.720,0,974.0,368.0,916.0,413.0,1031.0,322.0,"0,07587","0,13679","-0,98769","0,02574","0,11128","-0,99346",0,0,Valid,Valid,"197,5","16,6","697,0","264,3","8,6","709,9","251,0","113,1","282,7","88,1","0,5082","0,3403","0,4735","0,3827","0,5430","0,2980",1080.0,Fixation,108.0,27.0,974.0,365.0,"0,5084","0,3380"
Eye Tracker,30.09.2020,14:54:28.720,0,970.0,381.0,918.0,413.0,1023.0,350.0,"0,07649","0,13643","-0,98769","0,02231","0,12176","-0,99231",0,0,Valid,Valid,"197,6","16,6","697,0","264,4","8,7","709,7","251,6","112,9","280,3","95,8","0,5062","0,3530","0,4746","0,3820","0,5378","0,3240",1080.0,Fixation,108.0,27.0,974.0,365.0,"0,5084","0,3380"
Eye Tracker,30.09.2020,14:54:28.720,0,972.0,370.0,918.0,412.0,1026.0,327.0,"0,07618","0,13643","-0,98772","0,02336","0,11316","-0,99330","3,53","2,87",Valid,Valid,"197,7","16,6","697,0","264,5","8,8","709,5","251,5","112,9","281,2","89,6","0,5071","0,3425","0,4745","0,3818","0,5397","0,3031",1080.0,Fixation,108.0,27.0,974.0,365.0,"0,5084","0,3380"
Eye Tracker,30.09.2020,14:54:28.720,0,970.0,363.0,912.0,405.0,1028.0,321.0,"0,07385","0,13362","-0,98828","0,02407","0,11047","-0,99359",0,0,Valid,Valid,"197,9","16,6","696,9","264,7","8,9","709,2","250,0","110,8","281,9","87,7","0,5062","0,3358","0,4711","0,3748","0,5412","0,2968",1080.0,Fixation,108.0,27.0,974.0,365.0,"0,5084","0,3380"
Eye Tracker,30.09.2020,14:54:28.720,0,972.0,360.0,918.0,397.0,1026.0,324.0,"0,07605","0,13052","-0,98852","0,02288","0,11161","-0,99349",0,0,Valid,Valid,"198,0","16,5","696,9","264,8","8,9","709,0","251,6","108,5","281,1","88,6","0,5071","0,3334","0,4747","0,3672","0,5396","0,2996",1080.0,Fixation,108.0,27.0,974.0,365.0,"0,5084","0,3380"
Eye Tracker,30.09.2020,14:54:28.720,0,984.0,362.0,929.0,408.0,1039.0,315.0,"0,07996","0,13514","-0,98760","0,02761","0,10854","-0,99371","2,90","3,11",Valid,Valid,"198,1","16,4","696,9","264,9","8,9","708,7","254,5","111,7","284,6","86,3","0,5142","0,3351","0,4812","0,3781","0,5473","0,2921",1080.0,Fixation,108.0,27.0,974.0,365.0,"0,5084","0,3380"
Eye Tracker,30.09.2020,14:54:28.720,0,978.0,363.0,932.0,418.0,1024.0,307.0,"0,08106","0,13892","-0,98698","0,02196","0,10536","-0,99419",0,0,Valid,Valid,"198,3","16,3","696,7","265,1","9,0","708,4","255,5","114,4","280,8","84,1","0,5110","0,3358","0,4832","0,3871","0,5387","0,2845",1080.0,Fixation,108.0,27.0,974.0,365.0,"0,5084","0,3380"
Eye Tracker,30.09.2020,14:54:28.720,0,976.0,351.0,932.0,407.0,1019.0,295.0,"0,08110","0,13479","-0,98755","0,01976","0,10059","-0,99473",0,0,Valid,Valid,"198,3","16,3","696,7","265,2","9,0","708,2","255,5","111,4","279,2","80,6","0,5094","0,3248","0,4833","0,3768","0,5354","0,2728",1080.0,Fixation,108.0,27.0,974.0,365.0,"0,5084","0,3380"
Eye Tracker,30.09.2020,14:54:28.720,0,962.0,354.0,921.0,405.0,1003.0,302.0,"0,07686","0,13430","-0,98796","0,01382","0,10363","-0,99452","3,36","2,97",Valid,Valid,"198,3","16,1","696,5","265,1","9,0","707,9","252,5","110,8","275,0","82,8","0,5014","0,3275","0,4767","0,3749","0,5260","0,2800",1080.0,Saccade,42.0,88.0,0.0,0.0,0,0
Eye Tracker,30.09.2020,14:54:28.720,0,917.0,339.0,874.0,404.0,960.0,273.0,"0,05861","0,13442","-0,98919","-0,00280","0,09240","-0,99572",0,0,Valid,Valid,"198,3","16,0","696,3","265,0","9,0","707,6","239,5","110,6","263,1","74,6","0,4741","0,3134","0,4483","0,3744","0,4999","0,2525",1080.0,Saccade,42.0,88.0,0.0,0.0,0,0
Eye Tracker,30.09.2020,14:54:28.720,0,806.0,241.0,731.0,265.0,880.0,217.0,"0,00309","0,08042","-0,99676","-0,03351","0,07064","-0,99694",0,0,Valid,Valid,"198,3","16,3","695,4","264,9","9,2","706,8","200,4","72,4","241,1","59,3","0,4070","0,2228","0,3623","0,2450","0,4517","0,2006",1080.0,Saccade,42.0,88.0,0.0,0.0,0,0
Eye Tracker,30.09.2020,14:54:28.720,0,787.0,248.0,729.0,276.0,844.0,220.0,"0,00207","0,08481","-0,99639","-0,04719","0,07198","-0,99629","2,88","3,12",Valid,Valid,"198,3","16,4","695,1","264,9","9,2","706,7","199,7","75,5","231,4","60,3","0,3956","0,2297","0,3608","0,2555","0,4304","0,2039",1080.0,Saccade,42.0,88.0,0.0,0.0,0,0
Eye Tracker,30.09.2020,14:54:28.720,0,759.0,201.0,714.0,273.0,803.0,128.0,"-0,00387","0,08384","-0,99647","-0,06338","0,03648","-0,99732",0,0,Valid,Valid,"198,4","16,4","694,9","265,0","9,3","706,6","195,7","74,8","220,1","35,1","0,3787","0,1859","0,3519","0,2531","0,4055","0,1187",1080.0,Saccade,42.0,88.0,0.0,0.0,0,0
Eye Tracker,30.09.2020,14:54:28.720,0,753.0,213.0,711.0,271.0,795.0,155.0,"-0,00492","0,08299","-0,99654","-0,06659","0,04664","-0,99669",0,0,Valid,Valid,"198,4","16,4","694,9","265,0","9,3","706,5","194,9","74,3","217,8","42,3","0,3754","0,1972","0,3503","0,2512","0,4005","0,1433",1080.0,Unclassified,58.0,108.0,0.0,0.0,0,0
Eye Tracker,30.09.2020,14:54:28.720,0,749.0,213.0,706.0,256.0,793.0,169.0,"-0,00693","0,07716","-0,99699","-0,06748","0,05229","-0,99635","3,20","2,87",Valid,Valid,"198,4","16,4","694,8","265,1","9,3","706,5","193,6","70,1","217,2","46,4","0,3733","0,1971","0,3473","0,2373","0,3993","0,1569",1080.0,Unclassified,58.0,108.0,0.0,0.0,0,0
Eye Tracker,30.09.2020,14:54:28.720,0,751.0,213.0,709.0,252.0,792.0,174.0,"-0,00585","0,07540","-0,99714","-0,06784","0,05381","-0,99624",0,0,Valid,Valid,"198,5","16,4","694,7","265,2","9,4","706,5","194,4","68,9","217,1","47,5","0,3740","0,1969","0,3491","0,2331","0,3989","0,1608",1080.0,Unclassified,58.0,108.0,0.0,0.0,0,0
Eye Tracker,30.09.2020,14:54:28.720,0,751.0,206.0,714.0,251.0,788.0,161.0,"-0,00392","0,07435","-0,99722","-0,06929","0,04861","-0,99641",0,0,Valid,Valid,"198,5","16,9","693,6","265,2","9,5","706,1","195,8","68,6","216,1","44,0","0,3745","0,1904","0,3522","0,2321","0,3968","0,1488",1080.0,Unclassified,58.0,108.0,0.0,0.0,0,0
Eye Tracker,30.09.2020,14:54:28.720,0,748.0,210.0,714.0,251.0,781.0,169.0,"-0,00427","0,07407","-0,99724","-0,07223","0,05148","-0,99606","3,29","2,84",Valid,Valid,"198,6","17,3","692,7","265,3","9,8","705,7","195,7","68,7","214,1","46,2","0,3721","0,1944","0,3519","0,2325","0,3924","0,1564",1080.0,Unclassified,58.0,108.0,0.0,0.0,0,0
Eye Tracker,30.09.2020,14:54:28.720,0,750.0,215.0,722.0,260.0,778.0,170.0,"-0,00133","0,07710","-0,99702","-0,07353","0,05163","-0,99596",0,0,Valid,Valid,"198,7","17,5","692,0","265,3","10,0","705,2","197,8","71,1","213,3","46,6","0,3736","0,1990","0,3566","0,2404","0,3906","0,1576",1080.0,Unclassified,58.0,108.0,0.0,0.0,0,0
Eye Tracker,30.09.2020,14:54:28.720,0,765.0,256.0,754.0,340.0,776.0,172.0,"0,01118","0,10810","-0,99408","-0,07430","0,05184","-0,99589",0,0,Valid,Valid,"198,8","17,9","691,4","265,4","10,3","704,7","206,5","93,1","212,8","47,0","0,3826","0,2369","0,3758","0,3149","0,3895","0,1590",1080.0,Unclassified,58.0,108.0,0.0,0.0,0,0
Eye Tracker,30.09.2020,14:54:28.720,0,741.0,233.0,705.0,293.0,777.0,173.0,"-0,00812","0,08971","-0,99593","-0,07407","0,05224","-0,99588","2,81","2,83",Valid,Valid,"198,8","18,1","691,0","265,4","10,5","704,3","193,2","80,3","213,1","47,5","0,3683","0,2162","0,3465","0,2717","0,3901","0,1606",1080.0,Saccade,17.0,89.0,0.0,0.0,0,0
Eye Tracker,30.09.2020,14:54:28.720,0,739.0,205.0,707.0,243.0,771.0,168.0,"-0,00742","0,06979","-0,99753","-0,07685","0,04990","-0,99579",0,0,Valid,Valid,"198,9","18,1","691,0","265,6","10,7","704,3","193,8","66,4","211,2","45,9","0,3669","0,1901","0,3478","0,2248","0,3860","0,1554",1080.0,Saccade,17.0,89.0,0.0,0.0,0,0
Eye Tracker,30.09.2020,14:54:28.720,0,740.0,209.0,709.0,246.0,772.0,171.0,"-0,00681","0,07078","-0,99747","-0,07642","0,05115","-0,99576",0,0,Valid,Valid,"198,9","18,2","691,0","265,6","10,8","704,2","194,2","67,2","211,5","46,9","0,3677","0,1931","0,3487","0,2275","0,3868","0,1588",1080.0,Fixation,92.0,28.0,748.0,194.0,"0,3722","0,1798"
Eye Tracker,30.09.2020,14:54:28.720,0,741.0,199.0,707.0,256.0,775.0,142.0,"-0,00759","0,07491","-0,99716","-0,07559","0,03946","-0,99636","2,81","3,35",Valid,Valid,"199,0","18,2","691,0","265,7","10,8","704,1","193,7","70,1","212,3","38,7","0,3680","0,1842","0,3477","0,2373","0,3884","0,1311",1080.0,Fixation,92.0,28.0,748.0,194.0,"0,3722","0,1798"
Eye Tracker,30.09.2020,14:54:28.720,0,753.0,194.0,709.0,245.0,798.0,143.0,"-0,00694","0,07030","-0,99750","-0,06677","0,04006","-0,99696",0,0,Valid,Valid,"199,1","18,3","690,9","265,8","11,0","704,0","194,3","67,0","218,7","39,3","0,3756","0,1797","0,3489","0,2266","0,4024","0,1328",1080.0,Fixation,92.0,28.0,748.0,194.0,"0,3722","0,1798"
Eye Tracker,30.09.2020,14:54:28.720,0,746.0,187.0,702.0,226.0,791.0,148.0,"-0,00987","0,06304","-0,99796","-0,06958","0,04161","-0,99671",0,0,Valid,Valid,"199,1","18,3","690,9","265,9","11,0","703,9","192,3","62,0","216,7","40,4","0,3713","0,1733","0,3445","0,2097","0,3981","0,1368",1080.0,Fixation,92.0,28.0,748.0,194.0,"0,3722","0,1798"
Eye Tracker,30.09.2020,14:54:28.720,0,747.0,187.0,702.0,227.0,791.0,148.0,"-0,00968","0,06307","-0,99796","-0,06965","0,04149","-0,99671","2,80","3,25",Valid,Valid,"199,2","18,3","690,9","265,9","11,1","703,8","192,5","62,0","216,8","40,4","0,3716","0,1732","0,3449","0,2098","0,3982","0,1367",1080.0,Fixation,92.0,28.0,748.0,194.0,"0,3722","0,1798"
Eye Tracker,30.09.2020,14:54:28.720,0,746.0,200.0,718.0,276.0,773.0,123.0,"-0,00356","0,08249","-0,99659","-0,07664","0,03193","-0,99655",0,0,Valid,Valid,"199,3","18,3","690,8","266,0","11,2","703,6","196,8","75,5","211,9","33,7","0,3710","0,1848","0,3544","0,2555","0,3876","0,1142",1080.0,Fixation,92.0,28.0,748.0,194.0,"0,3722","0,1798"
Eye Tracker,30.09.2020,14:54:28.720,0,753.0,179.0,728.0,250.0,778.0,109.0,"0,00039","0,07218","-0,99739","-0,07502","0,02636","-0,99683",0,0,Valid,Valid,"199,2","18,4","690,8","266,0","11,2","703,5","199,5","68,4","213,1","29,8","0,3753","0,1661","0,3603","0,2313","0,3902","0,1009",1080.0,Fixation,92.0,28.0,748.0,194.0,"0,3722","0,1798"
Eye Tracker,30.09.2020,14:54:28.720,0,741.0,209.0,705.0,290.0,777.0,128.0,"-0,00879","0,08781","-0,99610","-0,07525","0,03376","-0,99659","2,83","2,83",Valid,Valid,"199,3","18,3","690,7","266,1","11,3","703,3","193,2","79,2","213,0","35,1","0,3682","0,1934","0,3464","0,2681","0,3899","0,1188",1080.0,Fixation,92.0,28.0,748.0,194.0,"0,3722","0,1798"
Eye Tracker,30.09.2020,14:54:28.720,0,753.0,185.0,717.0,226.0,789.0,145.0,"-0,00407","0,06288","-0,99801","-0,07072","0,04000","-0,99669",0,0,Valid,Valid,"199,3","18,3","690,6","266,1","11,4","703,1","196,5","61,8","216,2","39,6","0,3754","0,1716","0,3537","0,2092","0,3971","0,1339",1080.0,Fixation,92.0,28.0,748.0,194.0,"0,3722","0,1798"
Eye Tracker,30.09.2020,14:54:28.720,0,753.0,192.0,711.0,239.0,795.0,146.0,"-0,00632","0,06800","-0,99767","-0,06818","0,04033","-0,99686",0,0,Valid,Valid,"199,2","18,4","690,5","266,1","11,4","702,8","194,8","65,4","218,0","39,8","0,3755","0,1781","0,3501","0,2213","0,4009","0,1348",1080.0,Fixation,92.0,28.0,748.0,194.0,"0,3722","0,1798"
Eye Tracker,30.09.2020,14:54:28.720,0,759.0,211.0,718.0,253.0,799.0,169.0,"-0,00329","0,07360","-0,99728","-0,06657","0,04936","-0,99656","2,90","2,93",Valid,Valid,"199,2","18,3","690,5","266,0","11,4","702,6","196,9","69,3","219,1","46,3","0,3790","0,1954","0,3546","0,2344","0,4034","0,1565",1080.0,Fixation,92.0,28.0,748.0,194.0,"0,3722","0,1798"
Eye Tracker,30.09.2020,14:54:28.720,0,752.0,207.0,711.0,250.0,792.0,164.0,"-0,00597","0,07237","-0,99736","-0,06954","0,04746","-0,99645",0,0,Valid,Valid,"199,1","18,3","690,3","266,0","11,5","702,4","195,0","68,4","217,0","45,0","0,3746","0,1918","0,3504","0,2315","0,3987","0,1521",1080.0,Saccade,17.0,90.0,0.0,0.0,0,0
Eye Tracker,30.09.2020,14:54:28.720,0,750.0,180.0,708.0,220.0,793.0,139.0,"-0,00733","0,06047","-0,99814","-0,06904","0,03776","-0,99690",0,0,Valid,Valid,"199,0","18,4","690,2","265,9","11,5","702,1","193,9","60,2","217,3","38,1","0,3737","0,1663","0,3481","0,2036","0,3993","0,1289",1080.0,Saccade,17.0,90.0,0.0,0.0,0,0
Eye Tracker,30.09.2020,14:54:28.720,0,748.0,165.0,702.0,191.0,793.0,139.0,"-0,00927","0,04917","-0,99875","-0,06897","0,03774","-0,99690","3,08","3,40",Valid,Valid,"198,9","18,3","690,1","265,8","11,5","701,9","192,5","52,3","217,3","38,1","0,3721","0,1530","0,3449","0,1770","0,3993","0,1289",1080.0,Fixation,83.0,29.0,751.0,183.0,"0,3745","0,1691"
Eye Tracker,30.09.2020,14:54:28.720,0,745.0,160.0,700.0,184.0,790.0,136.0,"-0,01025","0,04648","-0,99887","-0,06989","0,03634","-0,99689",0,0,Valid,Valid,"198,8","18,3","689,9","265,7","11,6","701,7","191,8","50,4","216,6","37,2","0,3705","0,1482","0,3433","0,1707","0,3978","0,1257",1080.0,Fixation,83.0,29.0,751.0,183.0,"0,3745","0,1691"
Eye Tracker,30.09.2020,14:54:28.720,0,740.0,179.0,697.0,217.0,782.0,141.0,"-0,01107","0,05937","-0,99817","-0,07266","0,03823","-0,99662",0,0,Valid,Valid,"198,7","18,4","689,8","265,6","11,6","701,5","191,0","59,4","214,5","38,5","0,3674","0,1656","0,3417","0,2010","0,3932","0,1302",1080.0,Fixation,83.0,29.0,751.0,183.0,"0,3745","0,1691"
Eye Tracker,30.09.2020,14:54:28.720,0,741.0,179.0,698.0,217.0,784.0,141.0,"-0,01071","0,05938","-0,99818","-0,07193","0,03843","-0,99667","3,34","2,98",Valid,Valid,"198,6","18,4","689,6","265,5","11,6","701,3","191,2","59,5","214,9","38,7","0,3681","0,1660","0,3421","0,2011","0,3941","0,1308",1080.0,Fixation,83.0,29.0,751.0,183.0,"0,3745","0,1691"
Eye Tracker,30.09.2020,14:54:28.720,0,759.0,191.0,725.0,237.0,792.0,145.0,"0,00042","0,06720","-0,99774","-0,06875","0,03981","-0,99684",0,0,Valid,Valid,"198,5","18,5","689,4","265,5","11,7","701,0","198,8","64,9","217,1","39,7","0,3789","0,1770","0,3589","0,2196","0,3990","0,1344",1080.0,Fixation,83.0,29.0,751.0,183.0,"0,3745","0,1691"
Eye Tracker,30.09.2020,14:54:28.720,0,758.0,193.0,720.0,244.0,796.0,142.0,"-0,00162","0,06969","-0,99757","-0,06709","0,03852","-0,99700",0,0,Valid,Valid,"198,4","18,6","689,2","265,3","11,8","700,8","197,3","66,8","218,2","38,9","0,3784","0,1787","0,3555","0,2258","0,4013","0,1315",1080.0,Fixation,83.0,29.0,751.0,183.0,"0,3745","0,1691"
Eye Tracker,30.09.2020,14:54:28.720,0,759.0,193.0,720.0,244.0,798.0,142.0,"-0,00162","0,06961","-0,99757","-0,06646","0,03848","-0,99705","3,40","3,72",Valid,Valid,"198,3","18,7","689,0","265,3","11,9","700,6","197,2","66,8","218,6","38,9","0,3788","0,1788","0,3553","0,2260","0,4022","0,1317",1080.0,Fixation,83.0,29.0,751.0,183.0,"0,3745","0,1691"
Eye Tracker,30.09.2020,14:54:28.720,0,751.0,191.0,701.0,238.0,800.0,143.0,"-0,00897","0,06713","-0,99770","-0,06533","0,03864","-0,99712",0,0,Valid,Valid,"198,3","18,8","688,7","265,2","12,0","700,3","192,1","65,2","219,4","39,2","0,3740","0,1765","0,3442","0,2205","0,4039","0,1325",1080.0,Fixation,83.0,29.0,751.0,183.0,"0,3745","0,1691"
Eye Tracker,30.09.2020,14:54:28.720,0,755.0,177.0,715.0,208.0,795.0,146.0,"-0,00313","0,05483","-0,99849","-0,06728","0,03943","-0,99695",0,0,Valid,Valid,"198,2","19,0","688,4","265,1","12,1","700,0","196,1","56,8","217,9","39,8","0,3767","0,1635","0,3528","0,1922","0,4007","0,1347",1080.0,Fixation,83.0,29.0,751.0,183.0,"0,3745","0,1691"
Eye Tracker,30.09.2020,14:54:28.720,0,755.0,185.0,716.0,224.0,795.0,146.0,"-0,00307","0,06110","-0,99813","-0,06728","0,03922","-0,99696","2,79","3,38",Valid,Valid,"198,2","19,2","688,2","265,1","12,3","699,7","196,1","61,3","217,9","39,8","0,3768","0,1711","0,3529","0,2075","0,4007","0,1347",1080.0,Fixation,83.0,29.0,751.0,183.0,"0,3745","0,1691"
Eye Tracker,30.09.2020,14:54:28.720,0,774.0,195.0,744.0,233.0,805.0,157.0,"0,00795","0,06452","-0,99788","-0,06353","0,04358","-0,99703",0,0,Valid,Valid,"198,3","19,4","687,9","265,2","12,5","699,4","203,8","63,9","220,6","43,1","0,3882","0,1809","0,3698","0,2161","0,4066","0,1458",1080.0,Saccade,33.0,91.0,0.0,0.0,0,0
Eye Tracker,30.09.2020,14:54:28.720,0,823.0,214.0,783.0,267.0,863.0,162.0,"0,02339","0,07738","-0,99673","-0,04092","0,04512","-0,99814",0,0,Valid,Valid,"198,4","19,6","687,7","265,1","12,7","699,2","214,5","73,0","236,5","44,3","0,4174","0,1985","0,3933","0,2471","0,4415","0,1500",1080.0,Saccade,33.0,91.0,0.0,0.0,0,0
Eye Tracker,30.09.2020,14:54:28.720,0,837.0,224.0,799.0,280.0,874.0,168.0,"0,02989","0,08231","-0,99616","-0,03646","0,04739","-0,99821","2,82","2,82",Valid,Valid,"198,4","19,8","687,5","265,1","12,9","698,9","219,0","76,6","239,6","46,1","0,4258","0,2076","0,4032","0,2592","0,4484","0,1560",1080.0,Saccade,33.0,91.0,0.0,0.0,0,0
Eye Tracker,30.09.2020,14:54:28.720,0,864.0,239.0,822.0,295.0,907.0,183.0,"0,03890","0,08791","-0,99537","-0,02356","0,05273","-0,99833",0,0,Valid,Valid,"198,4","20,0","687,2","265,1","13,1","698,6","225,2","80,7","248,6","50,0","0,4425","0,2212","0,4168","0,2730","0,4682","0,1693",1080.0,Saccade,33.0,91.0,0.0,0.0,0,0
Eye Tracker,30.09.2020,14:54:28.720,0,861.0,247.0,821.0,297.0,901.0,197.0,"0,03893","0,08850","-0,99531","-0,02600","0,05811","-0,99797",0,0,Valid,Valid,"198,3","20,2","687,0","265,0","13,3","698,3","225,1","81,3","246,8","53,9","0,4404","0,2287","0,4166","0,2749","0,4642","0,1825",1080.0,Fixation,192.0,30.0,864.0,254.0,"0,4423","0,2354"
Eye Tracker,30.09.2020,14:54:28.720,0,862.0,255.0,822.0,304.0,902.0,206.0,"0,03930","0,09115","-0,99506","-0,02547","0,06157","-0,99778","2,86","2,80",Valid,Valid,"198,2","20,3","686,8","265,0","13,4","698,0","225,4","83,2","247,1","56,5","0,4410","0,2363","0,4171","0,2816","0,4649","0,1911",1080.0,Fixation,192.0,30.0,864.0,254.0,"0,4423","0,2354"
Eye Tracker,30.09.2020,14:54:28.720,0,868.0,264.0,832.0,314.0,903.0,214.0,"0,04314","0,09476","-0,99456","-0,02473","0,06425","-0,99763",0,0,Valid,Valid,"198,2","20,4","686,6","264,9","13,6","697,8","228,0","85,8","247,6","58,5","0,4444","0,2442","0,4228","0,2905","0,4660","0,1980",1080.0,Fixation,192.0,30.0,864.0,254.0,"0,4423","0,2354"
Eye Tracker,30.09.2020,14:54:28.720,0,856.0,263.0,826.0,310.0,885.0,216.0,"0,04117","0,09324","-0,99479","-0,03173","0,06496","-0,99738",0,0,Valid,Valid,"198,1","20,5","686,5","264,8","13,7","697,6","226,5","84,9","242,6","59,1","0,4373","0,2436","0,4196","0,2872","0,4549","0,1999",1080.0,Fixation,192.0,30.0,864.0,254.0,"0,4423","0,2354"
Eye Tracker,30.09.2020,14:54:28.720,0,856.0,263.0,826.0,310.0,885.0,216.0,"0,04124","0,09315","-0,99480","-0,03164","0,06487","-0,99739","3,16","2,97",Valid,Valid,"198,0","20,6","686,4","264,7","13,7","697,4","226,5","84,9","242,6","59,1","0,4373","0,2436","0,4196","0,2872","0,4549","0,1999",1080.0,Fixation,192.0,30.0,864.0,254.0,"0,4423","0,2354"
Eye Tracker,30.09.2020,14:54:28.720,0,854.0,242.0,820.0,269.0,887.0,214.0,"0,03874","0,07701","-0,99628","-0,03070","0,06401","-0,99748",0,0,Valid,Valid,"198,0","20,7","686,2","264,7","13,8","697,2","224,7","73,7","243,2","58,6","0,4359","0,2238","0,4156","0,2494","0,4563","0,1982",1080.0,Fixation,192.0,30.0,864.0,254.0,"0,4423","0,2354"
Eye Tracker,30.09.2020,14:54:28.720,0,871.0,227.0,836.0,255.0,907.0,198.0,"0,04531","0,07134","-0,99642","-0,02300","0,05789","-0,99806",0,0,Valid,Valid,"197,9","20,8","686,1","264,5","13,9","697,0","229,1","69,9","248,5","54,3","0,4466","0,2101","0,4252","0,2364","0,4679","0,1837",1080.0,Fixation,192.0,30.0,864.0,254.0,"0,4423","0,2354"
Eye Tracker,30.09.2020,14:54:28.720,0,872.0,227.0,837.0,256.0,907.0,198.0,"0,04571","0,07143","-0,99640","-0,02281","0,05783","-0,99807","3,67","3,34",Valid,Valid,"197,8","20,8","686,0","264,5","13,9","696,9","229,3","70,0","248,5","54,3","0,4469","0,2101","0,4257","0,2367","0,4680","0,1836",1080.0,Fixation,192.0,30.0,864.0,254.0,"0,4423","0,2354"
Eye Tracker,30.09.2020,14:54:28.720,0,867.0,243.0,837.0,290.0,897.0,196.0,"0,04608","0,08480","-0,99533","-0,02677","0,05694","-0,99802",0,0,Valid,Valid,"197,8","20,8","685,8","264,4","13,9","696,6","229,5","79,2","245,7","53,7","0,4440","0,2249","0,4262","0,2681","0,4618","0,1816",1080.0,Fixation,192.0,30.0,864.0,254.0,"0,4423","0,2354"
Eye Tracker,30.09.2020,14:54:28.720,0,871.0,238.0,825.0,284.0,918.0,192.0,"0,04127","0,08257","-0,99573","-0,01821","0,05539","-0,99830",0,0,Valid,Valid,"197,6","20,9","685,6","264,3","13,9","696,5","226,1","77,7","251,6","52,5","0,4467","0,2204","0,4186","0,2629","0,4747","0,1778",1080.0,Fixation,192.0,30.0,864.0,254.0,"0,4423","0,2354"
Eye Tracker,30.09.2020,14:54:28.720,0,867.0,247.0,825.0,284.0,910.0,209.0,"0,04134","0,08261","-0,99572","-0,02125","0,06225","-0,99783","3,43","2,80",Valid,Valid,"197,6","20,9","685,5","264,2","13,9","696,3","226,1","77,7","249,4","57,3","0,4442","0,2285","0,4186","0,2630","0,4698","0,1940",1080.0,Fixation,192.0,30.0,864.0,254.0,"0,4423","0,2354"
Eye Tracker,30.09.2020,14:54:28.720,0,872.0,254.0,826.0,289.0,919.0,219.0,"0,04172","0,08478","-0,99553","-0,01773","0,06593","-0,99767",0,0,Valid,Valid,"197,5","20,9","685,2","264,1","13,9","696,1","226,3","79,2","251,8","59,9","0,4471","0,2353","0,4191","0,2681","0,4751","0,2026",1080.0,Fixation,192.0,30.0,864.0,254.0,"0,4423","0,2354"
Eye Tracker,30.09.2020,14:54:28.720,0,865.0,265.0,833.0,298.0,897.0,231.0,"0,04466","0,08814","-0,99511","-0,02581","0,07071","-0,99716",0,0,Valid,Valid,"197,4","20,9","685,1","264,0","13,9","695,9","228,2","81,6","246,0","63,2","0,4428","0,2450","0,4233","0,2761","0,4624","0,2139",1080.0,Fixation,192.0,30.0,864.0,254.0,"0,4423","0,2354"
Eye Tracker,30.09.2020,14:54:28.720,0,869.0,257.0,835.0,297.0,904.0,218.0,"0,04560","0,08773","-0,99510","-0,02318","0,06557","-0,99758","3,48","2,88",Valid,Valid,"197,4","20,9","684,9","263,9","13,8","695,8","228,8","81,3","247,7","59,6","0,4454","0,2383","0,4246","0,2750","0,4663","0,2016",1080.0,Fixation,192.0,30.0,864.0,254.0,"0,4423","0,2354"
Eye Tracker,30.09.2020,14:54:28.720,0,862.0,257.0,832.0,302.0,892.0,211.0,"0,04478","0,08972","-0,99496","-0,02775","0,06308","-0,99762",0,0,Valid,Valid,"197,3","20,9","684,7","263,8","13,9","695,6","228,1","82,7","244,5","57,9","0,4412","0,2377","0,4232","0,2797","0,4591","0,1958",1080.0,Fixation,192.0,30.0,864.0,254.0,"0,4423","0,2354"
Eye Tracker,30.09.2020,14:54:28.720,0,861.0,268.0,830.0,303.0,891.0,234.0,"0,04417","0,09002","-0,99496","-0,02788","0,07176","-0,99703",0,0,Valid,Valid,"197,2","21,0","684,6","263,7","13,9","695,4","227,6","82,9","244,3","63,9","0,4403","0,2484","0,4220","0,2805","0,4586","0,2163",1080.0,Fixation,192.0,30.0,864.0,254.0,"0,4423","0,2354"
Eye Tracker,30.09.2020,14:54:28.720,0,866.0,261.0,831.0,303.0,900.0,220.0,"0,04445","0,08986","-0,99496","-0,02426","0,06659","-0,99749","3,26","2,82",Valid,Valid,"197,2","21,0","684,5","263,7","13,9","695,3","227,8","82,8","246,8","60,3","0,4432","0,2421","0,4224","0,2802","0,4641","0,2040",1080.0,Fixation,192.0,30.0,864.0,254.0,"0,4423","0,2354"
Eye Tracker,30.09.2020,14:54:28.720,0,865.0,254.0,820.0,285.0,911.0,222.0,"0,04007","0,08307","-0,99574","-0,02013","0,06721","-0,99754",0,0,Valid,Valid,"197,2","21,0","684,3","263,6","13,9","695,1","224,7","78,1","249,6","60,7","0,4430","0,2349","0,4157","0,2642","0,4703","0,2055",1080.0,Fixation,192.0,30.0,864.0,254.0,"0,4423","0,2354"
Eye Tracker,30.09.2020,14:54:28.720,0,865.0,262.0,819.0,292.0,911.0,231.0,"0,03972","0,08588","-0,99551","-0,01993","0,07096","-0,99728",0,0,Valid,Valid,"197,1","21,0","684,2","263,6","13,9","695,0","224,4","80,0","249,7","63,3","0,4428","0,2426","0,4150","0,2708","0,4705","0,2143",1080.0,Fixation,192.0,30.0,864.0,254.0,"0,4423","0,2354"
Eye Tracker,30.09.2020,14:54:28.720,0,862.0,266.0,819.0,292.0,906.0,239.0,"0,03971","0,08592","-0,99551","-0,02207","0,07412","-0,99701","3,30","2,82",Valid,Valid,"197,1","21,0","684,1","263,6","13,9","694,9","224,4","80,0","248,2","65,5","0,4411","0,2463","0,4150","0,2708","0,4672","0,2218",1080.0,Fixation,192.0,30.0,864.0,254.0,"0,4423","0,2354"
Eye Tracker,30.09.2020,14:54:28.720,0,858.0,270.0,812.0,290.0,904.0,250.0,"0,03685","0,08512","-0,99569","-0,02266","0,07801","-0,99670",0,0,Valid,Valid,"197,1","21,0","684,0","263,6","13,9","694,8","222,4","79,5","247,8","68,3","0,4385","0,2500","0,4107","0,2689","0,4663","0,2310",1080.0,Fixation,192.0,30.0,864.0,254.0,"0,4423","0,2354"
Eye Tracker,30.09.2020,14:54:28.720,0,862.0,264.0,824.0,295.0,900.0,233.0,"0,04164","0,08694","-0,99534","-0,02444","0,07169","-0,99713",0,0,Valid,Valid,"197,1","21,0","684,0","263,6","13,9","694,7","225,7","80,8","246,5","63,8","0,4407","0,2446","0,4179","0,2733","0,4636","0,2160",1080.0,Fixation,192.0,30.0,864.0,254.0,"0,4423","0,2354"
Eye Tracker,30.09.2020,14:54:28.720,0,862.0,263.0,824.0,295.0,900.0,231.0,"0,04158","0,08694","-0,99535","-0,02415","0,07092","-0,99719","3,40","2,81",Valid,Valid,"197,1","21,0","683,9","263,6","13,9","694,6","225,7","80,8","246,8","63,3","0,4410","0,2437","0,4179","0,2733","0,4641","0,2142",1080.0,Fixation,192.0,30.0,864.0,254.0,"0,4423","0,2354"
Eye Tracker,30.09.2020,14:54:28.720,0,867.0,268.0,831.0,310.0,903.0,225.0,"0,04445","0,09294","-0,99468","-0,02322","0,06827","-0,99740",0,0,Valid,Valid,"197,2","21,1","683,8","263,6","13,9","694,6","227,7","85,0","247,5","61,5","0,4440","0,2477","0,4223","0,2874","0,4657","0,2081",1080.0,Saccade,17.0,92.0,0.0,0.0,0,0
Eye Tracker,30.09.2020,14:54:28.720,0,829.0,343.0,829.0,343.0,0.0,0.0,"0,04376","0,10560","-0,99345",0,0,0,0,0,Valid,Invalid,"197,2","21,1","683,7",0,0,0,"227,3","93,7",0,0,"0,4214","0,3172","0,4214","0,3172",0,0,1080.0,Saccade,17.0,92.0,0.0,0.0,0,0
Eye Tracker,30.09.2020,14:54:28.720,0,0.0,0.0,0.0,0.0,0.0,0.0,0,0,0,0,0,0,0,0,Invalid,Invalid,0,0,0,0,0,0,0,0,0,0,0,0,0,0,0,0,1080.0,EyesNotFound,133.0,75.0,0.0,0.0,0,0
Eye Tracker,30.09.2020,14:54:28.720,0,0.0,0.0,0.0,0.0,0.0,0.0,0,0,0,0,0,0,0,0,Invalid,Invalid,0,0,0,0,0,0,0,0,0,0,0,0,0,0,0,0,1080.0,EyesNotFound,133.0,75.0,0.0,0.0,0,0
Eye Tracker,30.09.2020,14:54:28.720,0,0.0,0.0,0.0,0.0,0.0,0.0,0,0,0,0,0,0,0,0,Invalid,Invalid,0,0,0,0,0,0,0,0,0,0,0,0,0,0,0,0,1080.0,EyesNotFound,133.0,75.0,0.0,0.0,0,0
Eye Tracker,30.09.2020,14:54:28.720,0,0.0,0.0,0.0,0.0,0.0,0.0,0,0,0,0,0,0,0,0,Invalid,Invalid,0,0,0,0,0,0,0,0,0,0,0,0,0,0,0,0,1080.0,EyesNotFound,133.0,75.0,0.0,0.0,0,0
Eye Tracker,30.09.2020,14:54:28.720,0,0.0,0.0,0.0,0.0,0.0,0.0,0,0,0,0,0,0,0,0,Invalid,Invalid,0,0,0,0,0,0,0,0,0,0,0,0,0,0,0,0,1080.0,EyesNotFound,133.0,75.0,0.0,0.0,0,0
Eye Tracker,30.09.2020,14:54:28.720,0,0.0,0.0,0.0,0.0,0.0,0.0,0,0,0,0,0,0,0,0,Invalid,Invalid,0,0,0,0,0,0,0,0,0,0,0,0,0,0,0,0,1080.0,EyesNotFound,133.0,75.0,0.0,0.0,0,0
Eye Tracker,30.09.2020,14:54:28.720,0,0.0,0.0,0.0,0.0,0.0,0.0,0,0,0,0,0,0,0,0,Invalid,Invalid,0,0,0,0,0,0,0,0,0,0,0,0,0,0,0,0,1080.0,EyesNotFound,133.0,75.0,0.0,0.0,0,0
Eye Tracker,30.09.2020,14:54:28.720,0,0.0,0.0,0.0,0.0,0.0,0.0,0,0,0,0,0,0,0,0,Invalid,Invalid,0,0,0,0,0,0,0,0,0,0,0,0,0,0,0,0,1080.0,EyesNotFound,133.0,75.0,0.0,0.0,0,0
Eye Tracker,30.09.2020,14:54:28.720,0,0.0,0.0,0.0,0.0,0.0,0.0,0,0,0,0,0,0,0,0,Invalid,Invalid,0,0,0,0,0,0,0,0,0,0,0,0,0,0,0,0,1080.0,EyesNotFound,133.0,75.0,0.0,0.0,0,0
Eye Tracker,30.09.2020,14:54:28.720,0,0.0,0.0,0.0,0.0,0.0,0.0,0,0,0,0,0,0,0,0,Invalid,Invalid,0,0,0,0,0,0,0,0,0,0,0,0,0,0,0,0,1080.0,EyesNotFound,133.0,75.0,0.0,0.0,0,0
Eye Tracker,30.09.2020,14:54:28.720,0,0.0,0.0,0.0,0.0,0.0,0.0,0,0,0,0,0,0,0,0,Invalid,Invalid,0,0,0,0,0,0,0,0,0,0,0,0,0,0,0,0,1080.0,EyesNotFound,133.0,75.0,0.0,0.0,0,0
Eye Tracker,30.09.2020,14:54:28.720,0,0.0,0.0,0.0,0.0,0.0,0.0,0,0,0,0,0,0,0,0,Invalid,Invalid,0,0,0,0,0,0,0,0,0,0,0,0,0,0,0,0,1080.0,EyesNotFound,133.0,75.0,0.0,0.0,0,0
Eye Tracker,30.09.2020,14:54:28.720,0,0.0,0.0,0.0,0.0,0.0,0.0,0,0,0,0,0,0,0,0,Invalid,Invalid,0,0,0,0,0,0,0,0,0,0,0,0,0,0,0,0,1080.0,EyesNotFound,133.0,75.0,0.0,0.0,0,0
Eye Tracker,30.09.2020,14:54:28.720,0,0.0,0.0,0.0,0.0,0.0,0.0,0,0,0,0,0,0,0,0,Invalid,Invalid,0,0,0,0,0,0,0,0,0,0,0,0,0,0,0,0,1080.0,EyesNotFound,133.0,75.0,0.0,0.0,0,0
Eye Tracker,30.09.2020,14:54:28.720,0,0.0,0.0,0.0,0.0,0.0,0.0,0,0,0,0,0,0,0,0,Invalid,Invalid,0,0,0,0,0,0,0,0,0,0,0,0,0,0,0,0,1080.0,EyesNotFound,133.0,75.0,0.0,0.0,0,0
Eye Tracker,30.09.2020,14:54:28.720,0,0.0,0.0,0.0,0.0,0.0,0.0,0,0,0,0,0,0,0,0,Invalid,Invalid,0,0,0,0,0,0,0,0,0,0,0,0,0,0,0,0,1080.0,EyesNotFound,133.0,75.0,0.0,0.0,0,0
Eye Tracker,30.09.2020,14:54:28.720,0,867.0,336.0,867.0,336.0,0.0,0.0,"0,05832","0,10317","-0,99295",0,0,0,0,0,Valid,Invalid,"197,4","21,1","683,4",0,0,0,"237,6","92,1",0,0,"0,4440","0,3115","0,4440","0,3115",0,0,1080.0,Saccade,17.0,93.0,0.0,0.0,0,0
Eye Tracker,30.09.2020,14:54:28.720,0,942.0,342.0,893.0,361.0,992.0,322.0,"0,06863","0,11281","-0,99124","0,01140","0,10622","-0,99428",0,0,Valid,Valid,"197,4","21,1","683,4","263,9","14,0","694,4","244,7","98,8","271,8","88,1","0,4894","0,3163","0,4595","0,3344","0,5192","0,2982",1080.0,Saccade,17.0,93.0,0.0,0.0,0,0
Eye Tracker,30.09.2020,14:54:28.720,0,932.0,358.0,893.0,361.0,970.0,354.0,"0,06859","0,11280","-0,99125","0,00297","0,11871","-0,99292","3,49","2,97",Valid,Valid,"197,4","21,0","683,4","263,9","13,9","694,4","244,7","98,8","266,0","97,0","0,4829","0,3312","0,4595","0,3343","0,5062","0,3281",1080.0,Fixation,350.0,31.0,929.0,358.0,"0,4811","0,3318"
Eye Tracker,30.09.2020,14:54:28.720,0,931.0,365.0,906.0,410.0,956.0,319.0,"0,07375","0,13192","-0,98851","-0,00246","0,10503","-0,99447",0,0,Valid,Valid,"197,3","21,1","683,3","263,9","14,0","694,4","248,3","112,3","262,1","87,3","0,4827","0,3376","0,4675","0,3798","0,4979","0,2954",1080.0,Fixation,350.0,31.0,929.0,358.0,"0,4811","0,3318"
Eye Tracker,30.09.2020,14:54:28.720,0,934.0,359.0,905.0,409.0,962.0,308.0,"0,07346","0,13147","-0,98860","-0,00022","0,10084","-0,99490",0,0,Valid,Valid,"197,3","21,1","683,3","263,8","13,9","694,4","248,1","112,0","263,7","84,3","0,4841","0,3321","0,4670","0,3789","0,5012","0,2853",1080.0,Fixation,350.0,31.0,929.0,358.0,"0,4811","0,3318"
Eye Tracker,30.09.2020,14:54:28.720,0,932.0,351.0,906.0,409.0,959.0,294.0,"0,07381","0,13131","-0,98859","-0,00147","0,09527","-0,99545","3,50","2,92",Valid,Valid,"197,3","21,1","683,4","263,8","13,9","694,5","248,3","111,9","262,8","80,4","0,4834","0,3253","0,4675","0,3785","0,4993","0,2720",1080.0,Fixation,350.0,31.0,929.0,358.0,"0,4811","0,3318"
Eye Tracker,30.09.2020,14:54:28.720,0,931.0,370.0,910.0,415.0,953.0,324.0,"0,07528","0,13355","-0,98818","-0,00390","0,10714","-0,99424",0,0,Valid,Valid,"197,3","21,1","683,4","263,8","13,9","694,6","249,4","113,5","261,1","88,8","0,4827","0,3422","0,4698","0,3840","0,4956","0,3004",1080.0,Fixation,350.0,31.0,929.0,358.0,"0,4811","0,3318"
Eye Tracker,30.09.2020,14:54:28.720,0,939.0,370.0,910.0,418.0,968.0,321.0,"0,07526","0,13465","-0,98803","0,00224","0,10597","-0,99437",0,0,Valid,Valid,"197,3","21,2","683,4","263,8","13,9","694,7","249,3","114,3","265,4","87,9","0,4873","0,3421","0,4697","0,3868","0,5049","0,2975",1080.0,Fixation,350.0,31.0,929.0,358.0,"0,4811","0,3318"
Eye Tracker,30.09.2020,14:54:28.720,0,953.0,364.0,917.0,413.0,990.0,315.0,"0,07827","0,13255","-0,98808","0,01059","0,10374","-0,99455","3,05","3,27",Valid,Valid,"197,3","21,2","683,5","263,8","13,9","694,8","251,4","112,9","271,2","86,3","0,4960","0,3371","0,4743","0,3820","0,5178","0,2921",1080.0,Fixation,350.0,31.0,929.0,358.0,"0,4811","0,3318"
Eye Tracker,30.09.2020,14:54:28.720,0,940.0,347.0,907.0,397.0,974.0,297.0,"0,07413","0,12645","-0,98920","0,00462","0,09654","-0,99532",0,0,Valid,Valid,"197,2","21,2","683,5","263,8","13,9","694,9","248,5","108,6","267,0","81,3","0,4882","0,3212","0,4679","0,3674","0,5086","0,2750",1080.0,Fixation,350.0,31.0,929.0,358.0,"0,4811","0,3318"
Eye Tracker,30.09.2020,14:54:28.720,0,938.0,350.0,892.0,410.0,984.0,289.0,"0,06851","0,13167","-0,98892","0,00841","0,09338","-0,99560",0,0,Valid,Valid,"197,2","21,3","683,6","263,8","13,8","695,0","244,5","112,3","269,6","79,0","0,4868","0,3236","0,4592","0,3799","0,5143","0,2674",1080.0,Fixation,350.0,31.0,929.0,358.0,"0,4811","0,3318"
Eye Tracker,30.09.2020,14:54:28.720,0,935.0,361.0,899.0,415.0,971.0,307.0,"0,07123","0,13363","-0,98847","0,00347","0,10040","-0,99494","3,21","3,02",Valid,Valid,"197,2","21,3","683,8","263,8","13,8","695,2","246,4","113,7","266,2","84,0","0,4851","0,3344","0,4634","0,3847","0,5067","0,2841",1080.0,Fixation,350.0,31.0,929.0,358.0,"0,4811","0,3318"
Eye Tracker,30.09.2020,14:54:28.720,0,933.0,361.0,902.0,417.0,964.0,305.0,"0,07222","0,13413","-0,98833","0,00064","0,09984","-0,99500",0,0,Valid,Valid,"197,1","21,3","683,9","263,7","13,8","695,2","247,1","114,1","264,2","83,6","0,4836","0,3344","0,4649","0,3860","0,5024","0,2828",1080.0,Fixation,350.0,31.0,929.0,358.0,"0,4811","0,3318"
Eye Tracker,30.09.2020,14:54:28.720,0,896.0,420.0,896.0,420.0,0.0,0.0,"0,07000","0,13547","-0,98831",0,0,0,0,0,Valid,Invalid,"197,0","21,3","684,1",0,0,0,"245,5","115,1",0,0,"0,4613","0,3893","0,4613","0,3893",0,0,1080.0,Fixation,350.0,31.0,929.0,358.0,"0,4811","0,3318"
Eye Tracker,30.09.2020,14:54:28.720,0,928.0,359.0,896.0,420.0,961.0,297.0,"0,07004","0,13547","-0,98830","-0,00041","0,09667","-0,99532","3,27","2,93",Valid,Valid,"197,0","21,3","684,3","263,7","13,8","695,5","245,5","115,1","263,4","81,4","0,4809","0,3323","0,4613","0,3893","0,5006","0,2753",1080.0,Fixation,350.0,31.0,929.0,358.0,"0,4811","0,3318"
Eye Tracker,30.09.2020,14:54:28.720,0,928.0,362.0,891.0,420.0,964.0,304.0,"0,06818","0,13534","-0,98845","0,00093","0,09932","-0,99506",0,0,Valid,Valid,"196,9","21,2","684,5","263,6","13,8","695,5","244,1","114,9","264,3","83,3","0,4805","0,3353","0,4584","0,3889","0,5026","0,2817",1080.0,Fixation,350.0,31.0,929.0,358.0,"0,4811","0,3318"
Eye Tracker,30.09.2020,14:54:28.720,0,929.0,361.0,903.0,405.0,955.0,317.0,"0,07300","0,12952","-0,98889","-0,00256","0,10445","-0,99453",0,0,Valid,Valid,"196,8","21,2","684,7","263,5","13,8","695,6","247,4","110,9","261,7","86,9","0,4812","0,3346","0,4654","0,3752","0,4970","0,2940",1080.0,Fixation,350.0,31.0,929.0,358.0,"0,4811","0,3318"
Eye Tracker,30.09.2020,14:54:28.720,0,933.0,358.0,903.0,405.0,963.0,311.0,"0,07304","0,12956","-0,98888","0,00043","0,10206","-0,99478","3,05","3,17",Valid,Valid,"196,8","21,1","685,0","263,5","13,8","695,6","247,4","110,9","263,8","85,2","0,4835","0,3317","0,4654","0,3752","0,5015","0,2883",1080.0,Fixation,350.0,31.0,929.0,358.0,"0,4811","0,3318"
Eye Tracker,30.09.2020,14:54:28.720,0,936.0,366.0,905.0,411.0,967.0,321.0,"0,07403","0,13179","-0,98851","0,00207","0,10562","-0,99440",0,0,Valid,Valid,"196,7","21,1","685,2","263,5","13,9","695,6","248,0","112,4","264,9","87,8","0,4854","0,3387","0,4669","0,3804","0,5040","0,2969",1080.0,Fixation,350.0,31.0,929.0,358.0,"0,4811","0,3318"
Eye Tracker,30.09.2020,14:54:28.720,0,938.0,363.0,905.0,402.0,970.0,325.0,"0,07419","0,12827","-0,98896","0,00367","0,10729","-0,99422",0,0,Valid,Valid,"196,6","21,0","685,4","263,4","13,9","695,6","248,0","109,9","265,9","88,9","0,4865","0,3364","0,4668","0,3719","0,5062","0,3009",1080.0,Fixation,350.0,31.0,929.0,358.0,"0,4811","0,3318"
Eye Tracker,30.09.2020,14:54:28.720,0,938.0,349.0,905.0,402.0,971.0,297.0,"0,07424","0,12834","-0,98895","0,00400","0,09631","-0,99534","3,14","2,93",Valid,Valid,"196,5","21,0","685,5","263,3","13,9","695,6","248,0","109,9","266,1","81,2","0,4867","0,3233","0,4668","0,3719","0,5066","0,2747",1080.0,Fixation,350.0,31.0,929.0,358.0,"0,4811","0,3318"
Eye Tracker,30.09.2020,14:54:28.720,0,933.0,332.0,899.0,383.0,967.0,281.0,"0,07207","0,12125","-0,99000","0,00231","0,09024","-0,99592",0,0,Valid,Valid,"196,5","20,9","685,6","263,3","13,9","695,4","246,4","104,9","264,9","76,9","0,4836","0,3075","0,4633","0,3549","0,5039","0,2602",1080.0,Fixation,350.0,31.0,929.0,358.0,"0,4811","0,3318"
Eye Tracker,30.09.2020,14:54:28.720,0,925.0,344.0,903.0,375.0,946.0,314.0,"0,07385","0,11791","-0,99027","-0,00556","0,10291","-0,99468",0,0,Valid,Valid,"196,4","20,9","685,6","263,2","13,9","695,4","247,5","102,5","259,3","85,8","0,4787","0,3187","0,4657","0,3470","0,4916","0,2904",1080.0,Fixation,350.0,31.0,929.0,358.0,"0,4811","0,3318"
Eye Tracker,30.09.2020,14:54:28.720,0,936.0,357.0,903.0,375.0,970.0,339.0,"0,07390","0,11796","-0,99026","0,00372","0,11265","-0,99363","3,20","2,92",Valid,Valid,"196,3","20,9","685,6","263,1","13,9","695,3","247,5","102,5","265,8","92,7","0,4858","0,3303","0,4657","0,3470","0,5058","0,3137",1080.0,Fixation,350.0,31.0,929.0,358.0,"0,4811","0,3318"
Eye Tracker,30.09.2020,14:54:28.720,0,936.0,356.0,903.0,372.0,970.0,339.0,"0,07387","0,11701","-0,99038","0,00377","0,11264","-0,99363",0,0,Valid,Valid,"196,3","20,9","685,6","263,1","13,9","695,1","247,4","101,9","265,8","92,7","0,4857","0,3292","0,4656","0,3447","0,5058","0,3137",1080.0,Fixation,350.0,31.0,929.0,358.0,"0,4811","0,3318"
Eye Tracker,30.09.2020,14:54:28.720,0,925.0,325.0,894.0,343.0,956.0,306.0,"0,07065","0,10565","-0,99189","-0,00127","0,09991","-0,99500",0,0,Valid,Valid,"196,2","20,9","685,5","263,0","13,9","695,0","245,0","93,9","262,1","83,7","0,4791","0,3005","0,4603","0,3178","0,4979","0,2832",1080.0,Fixation,350.0,31.0,929.0,358.0,"0,4811","0,3318"
Eye Tracker,30.09.2020,14:54:28.720,0,924.0,321.0,894.0,343.0,954.0,298.0,"0,07067","0,10566","-0,99189","-0,00220","0,09698","-0,99528","2,99","3,17",Valid,Valid,"196,2","20,9","685,4","263,0","13,9","694,8","245,0","93,9","261,5","81,6","0,4784","0,2970","0,4603","0,3178","0,4964","0,2762",1080.0,Fixation,350.0,31.0,929.0,358.0,"0,4811","0,3318"
Eye Tracker,30.09.2020,14:54:28.720,0,923.0,359.0,898.0,409.0,949.0,309.0,"0,07188","0,13128","-0,98874","-0,00421","0,10103","-0,99487",0,0,Valid,Valid,"196,2","20,9","685,3","263,0","14,0","694,7","246,0","111,9","260,0","84,5","0,4779","0,3323","0,4624","0,3787","0,4933","0,2859",1080.0,Fixation,350.0,31.0,929.0,358.0,"0,4811","0,3318"
Eye Tracker,30.09.2020,14:54:28.720,0,919.0,366.0,885.0,420.0,953.0,312.0,"0,06683","0,13538","-0,98854","-0,00267","0,10234","-0,99475",0,0,Valid,Valid,"196,1","21,0","685,1","262,9","14,0","694,5","242,4","114,8","261,1","85,4","0,4751","0,3388","0,4546","0,3885","0,4955","0,2890",1080.0,Fixation,350.0,31.0,929.0,358.0,"0,4811","0,3318"
Eye Tracker,30.09.2020,14:54:28.720,0,920.0,369.0,883.0,422.0,957.0,317.0,"0,06613","0,13625","-0,98846","-0,00088","0,10408","-0,99457","2,79","2,99",Valid,Valid,"196,1","21,0","685,0","262,9","14,0","694,4","242,0","115,5","262,3","86,6","0,4759","0,3419","0,4536","0,3907","0,4983","0,2931",1080.0,Fixation,350.0,31.0,929.0,358.0,"0,4811","0,3318"
Eye Tracker,30.09.2020,14:54:28.720,0,920.0,362.0,891.0,424.0,949.0,300.0,"0,06941","0,13712","-0,98812","-0,00416","0,09752","-0,99523",0,0,Valid,Valid,"196,2","21,1","684,8","262,9","14,0","694,2","244,3","116,1","260,0","82,0","0,4760","0,3352","0,4587","0,3929","0,4933","0,2775",1080.0,Fixation,350.0,31.0,929.0,358.0,"0,4811","0,3318"
Eye Tracker,30.09.2020,14:54:28.720,0,922.0,369.0,885.0,441.0,958.0,298.0,"0,06704","0,14331","-0,98740","-0,00060","0,09677","-0,99531",0,0,Valid,Valid,"196,2","21,2","684,7","262,9","14,0","694,2","242,6","120,6","262,5","81,5","0,4769","0,3418","0,4551","0,4079","0,4986","0,2756",1080.0,Fixation,350.0,31.0,929.0,358.0,"0,4811","0,3318"
Eye Tracker,30.09.2020,14:54:28.720,0,914.0,363.0,875.0,421.0,953.0,305.0,"0,06287","0,13558","-0,98877","-0,00250","0,09947","-0,99504","2,90","3,00",Valid,Valid,"196,2","21,2","684,5","263,0","14,0","694,1","239,7","115,1","261,2","83,4","0,4723","0,3358","0,4487","0,3894","0,4958","0,2821",1080.0,Fixation,350.0,31.0,929.0,358.0,"0,4811","0,3318"
Eye Tracker,30.09.2020,14:54:28.720,0,921.0,379.0,880.0,431.0,963.0,328.0,"0,06474","0,13945","-0,98811","0,00133","0,10843","-0,99410",0,0,Valid,Valid,"196,3","21,3","684,4","263,0","14,0","694,0","241,1","117,9","263,9","89,7","0,4768","0,3512","0,4517","0,3989","0,5018","0,3036",1080.0,Fixation,350.0,31.0,929.0,358.0,"0,4811","0,3318"
Eye Tracker,30.09.2020,14:54:28.720,0,921.0,367.0,894.0,397.0,948.0,337.0,"0,07045","0,12616","-0,98951","-0,00445","0,11191","-0,99371",0,0,Valid,Valid,"196,3","21,4","684,3","263,0","14,1","693,9","245,0","108,7","259,9","92,2","0,4766","0,3398","0,4602","0,3677","0,4930","0,3119",1080.0,Fixation,350.0,31.0,929.0,358.0,"0,4811","0,3318"
Eye Tracker,30.09.2020,14:54:28.720,0,920.0,360.0,891.0,392.0,948.0,329.0,"0,06945","0,12405","-0,98984","-0,00458","0,10864","-0,99407","2,88","3,06",Valid,Valid,"196,3","21,5","684,1","263,0","14,1","693,9","244,3","107,3","259,8","89,9","0,4758","0,3336","0,4588","0,3629","0,4928","0,3042",1080.0,Fixation,350.0,31.0,929.0,358.0,"0,4811","0,3318"
Eye Tracker,30.09.2020,14:54:28.720,0,924.0,356.0,888.0,384.0,959.0,327.0,"0,06812","0,12077","-0,99034","-0,00023","0,10806","-0,99414",0,0,Valid,Valid,"196,4","21,6","684,0","263,1","14,2","693,8","243,4","105,1","262,9","89,6","0,4782","0,3293","0,4568","0,3555","0,4996","0,3031",1080.0,Fixation,350.0,31.0,929.0,358.0,"0,4811","0,3318"
Eye Tracker,30.09.2020,14:54:28.720,0,927.0,350.0,892.0,405.0,963.0,294.0,"0,06945","0,12898","-0,98921","0,00112","0,09522","-0,99546",0,0,Valid,Valid,"196,4","21,8","683,8","263,1","14,2","693,7","244,4","111,0","263,9","80,6","0,4803","0,3240","0,4589","0,3754","0,5017","0,2726",1080.0,Fixation,350.0,31.0,929.0,358.0,"0,4811","0,3318"
Eye Tracker,30.09.2020,14:54:28.720,0,923.0,346.0,884.0,397.0,962.0,294.0,"0,06629","0,12570","-0,98985","0,00096","0,09513","-0,99546","3,51","2,93",Valid,Valid,"196,4","21,9","683,7","263,1","14,3","693,6","242,2","108,7","263,8","80,6","0,4778","0,3202","0,4542","0,3678","0,5015","0,2726",1080.0,Fixation,350.0,31.0,929.0,358.0,"0,4811","0,3318"
Eye Tracker,30.09.2020,14:54:28.720,0,925.0,352.0,896.0,411.0,955.0,293.0,"0,07082","0,13075","-0,98888","-0,00215","0,09460","-0,99551",0,0,Valid,Valid,"196,5","22,0","683,6","263,2","14,4","693,5","245,5","112,4","261,7","80,3","0,4790","0,3260","0,4612","0,3802","0,4969","0,2717",1080.0,Fixation,350.0,31.0,929.0,358.0,"0,4811","0,3318"
Eye Tracker,30.09.2020,14:54:28.720,0,917.0,358.0,885.0,418.0,950.0,299.0,"0,06657","0,13365","-0,98879","-0,00405","0,09652","-0,99532",0,0,Valid,Valid,"196,5","22,1","683,5","263,2","14,5","693,5","242,5","114,5","260,4","81,7","0,4744","0,3319","0,4548","0,3874","0,4940","0,2764",1080.0,Fixation,350.0,31.0,929.0,358.0,"0,4811","0,3318"
Eye Tracker,30.09.2020,14:54:28.720,0,913.0,368.0,885.0,418.0,941.0,317.0,"0,06645","0,13352","-0,98882","-0,00756","0,10370","-0,99458","3,24","3,04",Valid,Valid,"196,6","22,2","683,5","263,2","14,5","693,6","242,5","114,5","257,9","86,8","0,4717","0,3405","0,4547","0,3874","0,4886","0,2937",1080.0,Fixation,350.0,31.0,929.0,358.0,"0,4811","0,3318"
Eye Tracker,30.09.2020,14:54:28.720,0,924.0,371.0,894.0,423.0,954.0,320.0,"0,06987","0,13524","-0,98835","-0,00242","0,10461","-0,99451",0,0,Valid,Valid,"196,6","22,3","683,3","263,3","14,6","693,6","244,9","115,8","261,6","87,5","0,4783","0,3439","0,4600","0,3918","0,4966","0,2961",1080.0,Fixation,350.0,31.0,929.0,358.0,"0,4811","0,3318"
Eye Tracker,30.09.2020,14:54:28.720,0,929.0,372.0,898.0,403.0,959.0,341.0,"0,07188","0,12728","-0,98926","-0,00063","0,11265","-0,99363",0,0,Valid,Valid,"196,6","22,4","683,3","263,3","14,5","693,7","246,3","110,3","262,8","93,2","0,4812","0,3442","0,4630","0,3731","0,4994","0,3153",1080.0,Fixation,350.0,31.0,929.0,358.0,"0,4811","0,3318"
Eye Tracker,30.09.2020,14:54:28.720,0,934.0,358.0,898.0,403.0,969.0,314.0,"0,07178","0,12724","-0,98927","0,00321","0,10223","-0,99476","3,27","3,10",Valid,Valid,"196,7","22,4","683,2","263,3","14,5","693,9","246,3","110,3","265,6","85,8","0,4842","0,3318","0,4630","0,3731","0,5055","0,2904",1080.0,Saccade,42.0,94.0,0.0,0.0,0,0
Eye Tracker,30.09.2020,14:54:28.720,0,901.0,337.0,856.0,380.0,945.0,293.0,"0,05502","0,11826","-0,99146","-0,00610","0,09427","-0,99553",0,0,Valid,Valid,"196,7","22,5","683,2","263,4","14,5","694,0","234,6","104,0","259,1","80,3","0,4643","0,3117","0,4374","0,3518","0,4912","0,2715",1080.0,Saccade,42.0,94.0,0.0,0.0,0,0
Eye Tracker,30.09.2020,14:54:28.720,0,856.0,345.0,814.0,376.0,898.0,313.0,"0,03857","0,11674","-0,99241","-0,02453","0,10210","-0,99447",0,0,Valid,Valid,"196,6","22,5","683,2","263,2","14,5","694,2","223,2","102,9","246,1","85,8","0,4375","0,3192","0,4123","0,3482","0,4627","0,2902",1080.0,Saccade,42.0,94.0,0.0,0.0,0,0
Eye Tracker,30.09.2020,14:54:28.720,0,850.0,356.0,814.0,376.0,887.0,335.0,"0,03843","0,11677","-0,99242","-0,02893","0,11048","-0,99346","2,76","2,90",Valid,Valid,"196,7","22,5","683,2","263,3","14,4","694,5","223,1","102,9","243,1","91,7","0,4341","0,3292","0,4122","0,3482","0,4560","0,3101",1080.0,Saccade,42.0,94.0,0.0,0.0,0,0
Eye Tracker,30.09.2020,14:54:28.720,0,832.0,390.0,791.0,433.0,873.0,348.0,"0,02920","0,13912","-0,98985","-0,03458","0,11595","-0,99265",0,0,Valid,Valid,"196,7","22,5","683,4","263,4","13,9","695,9","216,9","118,5","239,2","95,1","0,4230","0,3615","0,3985","0,4010","0,4474","0,3219",1080.0,Saccade,42.0,94.0,0.0,0.0,0,0
Eye Tracker,30.09.2020,14:54:28.720,0,836.0,398.0,795.0,454.0,876.0,343.0,"0,03058","0,14728","-0,98862","-0,03325","0,11415","-0,99291",0,0,Valid,Valid,"196,8","22,5","683,4","263,4","13,8","696,1","217,9","124,3","240,1","93,8","0,4251","0,3690","0,4007","0,4205","0,4495","0,3174",1080.0,Fixation,233.0,32.0,841.0,400.0,"0,4285","0,3706"
Eye Tracker,30.09.2020,14:54:28.720,0,837.0,401.0,797.0,455.0,876.0,346.0,"0,03119","0,14769","-0,98854","-0,03334","0,11543","-0,99276","2,73","2,93",Valid,Valid,"196,8","22,4","683,4","263,5","13,8","696,2","218,4","124,5","240,2","94,7","0,4257","0,3709","0,4018","0,4214","0,4496","0,3204",1080.0,Fixation,233.0,32.0,841.0,400.0,"0,4285","0,3706"
Eye Tracker,30.09.2020,14:54:28.720,0,840.0,400.0,798.0,434.0,882.0,366.0,"0,03139","0,13953","-0,98972","-0,03122","0,12312","-0,99190",0,0,Valid,Valid,"196,9","22,5","683,3","263,6","13,8","696,2","218,6","118,8","241,7","100,2","0,4276","0,3704","0,4023","0,4019","0,4530","0,3390",1080.0,Fixation,233.0,32.0,841.0,400.0,"0,4285","0,3706"
Eye Tracker,30.09.2020,14:54:28.720,0,838.0,400.0,800.0,415.0,876.0,384.0,"0,03242","0,13194","-0,99073","-0,03339","0,13016","-0,99093",0,0,Valid,Valid,"196,9","22,5","683,3","263,6","13,8","696,1","219,3","113,5","240,2","105,2","0,4267","0,3700","0,4038","0,3840","0,4496","0,3560",1080.0,Fixation,233.0,32.0,841.0,400.0,"0,4285","0,3706"
Eye Tracker,30.09.2020,14:54:28.720,0,845.0,382.0,802.0,392.0,887.0,373.0,"0,03323","0,12297","-0,99185","-0,02940","0,12574","-0,99163","3,31","2,95",Valid,Valid,"197,0","22,5","683,2","263,7","13,8","696,1","219,9","107,2","243,1","102,1","0,4306","0,3540","0,4052","0,3626","0,4561","0,3454",1080.0,Fixation,233.0,32.0,841.0,400.0,"0,4285","0,3706"
Eye Tracker,30.09.2020,14:54:28.720,0,834.0,394.0,797.0,415.0,871.0,372.0,"0,03087","0,13224","-0,99074","-0,03574","0,12531","-0,99147",0,0,Valid,Valid,"197,1","22,5","683,1","263,8","13,9","695,9","218,4","113,7","238,7","101,9","0,4241","0,3646","0,4018","0,3846","0,4464","0,3447",1080.0,Fixation,233.0,32.0,841.0,400.0,"0,4285","0,3706"
Eye Tracker,30.09.2020,14:54:28.720,0,831.0,394.0,794.0,419.0,867.0,369.0,"0,02978","0,13369","-0,99058","-0,03734","0,12404","-0,99157",0,0,Valid,Valid,"197,1","22,5","683,0","263,8","14,0","695,6","217,7","114,7","237,6","101,0","0,4221","0,3650","0,4002","0,3882","0,4440","0,3419",1080.0,Fixation,233.0,32.0,841.0,400.0,"0,4285","0,3706"
Eye Tracker,30.09.2020,14:54:28.720,0,827.0,387.0,793.0,420.0,861.0,354.0,"0,02938","0,13392","-0,99056","-0,03967","0,11797","-0,99222","3,22","2,80",Valid,Valid,"197,2","22,6","682,9","263,9","14,2","695,2","217,5","114,9","236,1","96,9","0,4202","0,3582","0,3998","0,3887","0,4406","0,3278",1080.0,Fixation,233.0,32.0,841.0,400.0,"0,4285","0,3706"
Eye Tracker,30.09.2020,14:54:28.720,0,834.0,387.0,817.0,413.0,851.0,361.0,"0,03849","0,13121","-0,99061","-0,04389","0,12024","-0,99177",0,0,Valid,Valid,"197,3","22,6","682,7","263,9","14,5","694,7","223,8","113,0","233,2","98,7","0,4240","0,3582","0,4137","0,3825","0,4343","0,3339",1080.0,Fixation,233.0,32.0,841.0,400.0,"0,4285","0,3706"
Eye Tracker,30.09.2020,14:54:28.720,0,836.0,381.0,823.0,409.0,849.0,354.0,"0,04090","0,12942","-0,99075","-0,04453","0,11730","-0,99210",0,0,Valid,Valid,"197,3","22,7","682,6","263,9","14,7","694,2","225,5","111,9","232,7","96,8","0,4253","0,3530","0,4173","0,3786","0,4333","0,3275",1080.0,Fixation,233.0,32.0,841.0,400.0,"0,4285","0,3706"
Eye Tracker,30.09.2020,14:54:28.720,0,839.0,383.0,823.0,431.0,856.0,336.0,"0,04097","0,13812","-0,98957","-0,04208","0,11007","-0,99303","2,68","3,05",Valid,Valid,"197,3","22,8","682,4","263,9","15,0","693,7","225,6","118,0","234,5","91,9","0,4275","0,3551","0,4176","0,3993","0,4373","0,3108",1080.0,Fixation,233.0,32.0,841.0,400.0,"0,4285","0,3706"
Eye Tracker,30.09.2020,14:54:28.720,0,846.0,398.0,816.0,442.0,875.0,353.0,"0,03810","0,14230","-0,98909","-0,03445","0,11653","-0,99259",0,0,Valid,Valid,"197,4","22,9","682,2","264,0","15,3","693,1","223,7","121,0","239,9","96,6","0,4312","0,3682","0,4134","0,4094","0,4491","0,3270",1080.0,Fixation,233.0,32.0,841.0,400.0,"0,4285","0,3706"
Eye Tracker,30.09.2020,14:54:28.720,0,856.0,410.0,813.0,450.0,899.0,370.0,"0,03687","0,14520","-0,98872","-0,02514","0,12272","-0,99212",0,0,Valid,Valid,"197,4","23,0","682,1","263,9","15,5","692,6","222,8","123,1","246,4","101,2","0,4374","0,3795","0,4116","0,4166","0,4633","0,3424",1080.0,Fixation,233.0,32.0,841.0,400.0,"0,4285","0,3706"
Eye Tracker,30.09.2020,14:54:28.720,0,849.0,399.0,817.0,448.0,882.0,351.0,"0,03844","0,14425","-0,98880","-0,03198","0,11505","-0,99285","2,83","2,74",Valid,Valid,"197,5","23,0","682,0","263,9","15,8","692,1","224,0","122,5","241,6","96,0","0,4334","0,3696","0,4140","0,4145","0,4529","0,3247",1080.0,Fixation,233.0,32.0,841.0,400.0,"0,4285","0,3706"
Eye Tracker,30.09.2020,14:54:28.720,0,847.0,390.0,817.0,440.0,877.0,339.0,"0,03850","0,14130","-0,98922","-0,03366","0,11025","-0,99333",0,0,Valid,Valid,"197,5","23,1","681,8","263,9","16,0","691,6","224,0","120,5","240,5","92,8","0,4322","0,3608","0,4141","0,4077","0,4503","0,3139",1080.0,Fixation,233.0,32.0,841.0,400.0,"0,4285","0,3706"
Eye Tracker,30.09.2020,14:54:28.720,0,836.0,399.0,804.0,438.0,867.0,361.0,"0,03349","0,14018","-0,98956","-0,03755","0,11856","-0,99224",0,0,Valid,Valid,"197,4","23,2","681,7","263,9","16,2","691,2","220,5","119,8","237,7","98,8","0,4253","0,3697","0,4064","0,4052","0,4442","0,3343",1080.0,Fixation,233.0,32.0,841.0,400.0,"0,4285","0,3706"
Eye Tracker,30.09.2020,14:54:28.720,0,837.0,403.0,804.0,438.0,869.0,368.0,"0,03354","0,14016","-0,98956","-0,03674","0,12110","-0,99196","3,32","2,83",Valid,Valid,"197,4","23,2","681,6","263,8","16,4","691,0","220,5","119,8","238,2","100,7","0,4259","0,3730","0,4064","0,4052","0,4453","0,3408",1080.0,Fixation,233.0,32.0,841.0,400.0,"0,4285","0,3706"
Eye Tracker,30.09.2020,14:54:28.720,0,844.0,413.0,809.0,434.0,879.0,392.0,"0,03553","0,13856","-0,98972","-0,03281","0,13023","-0,99094",0,0,Valid,Valid,"197,3","23,3","681,4","263,7","16,5","690,8","221,8","118,7","240,9","107,3","0,4302","0,3822","0,4093","0,4015","0,4511","0,3629",1080.0,Fixation,233.0,32.0,841.0,400.0,"0,4285","0,3706"
Eye Tracker,30.09.2020,14:54:28.720,0,845.0,421.0,804.0,456.0,885.0,385.0,"0,03369","0,14734","-0,98851","-0,03018","0,12759","-0,99137",0,0,Valid,Valid,"197,2","23,3","681,4","263,6","16,5","690,7","220,5","124,9","242,6","105,4","0,4306","0,3896","0,4063","0,4226","0,4549","0,3566",1080.0,Fixation,233.0,32.0,841.0,400.0,"0,4285","0,3706"
Eye Tracker,30.09.2020,14:54:28.720,0,846.0,422.0,804.0,458.0,888.0,387.0,"0,03378","0,14796","-0,98842","-0,02903","0,12830","-0,99131","2,60","2,77",Valid,Valid,"197,2","23,3","681,3","263,5","16,5","690,8","220,4","125,3","243,3","105,9","0,4314","0,3912","0,4063","0,4240","0,4565","0,3583",1080.0,Fixation,233.0,32.0,841.0,400.0,"0,4285","0,3706"
Eye Tracker,30.09.2020,14:54:28.720,0,839.0,422.0,798.0,467.0,881.0,377.0,"0,03128","0,15134","-0,98799","-0,03166","0,12438","-0,99173",0,0,Valid,Valid,"197,1","23,4","681,3","263,4","16,5","690,8","218,6","127,7","241,4","103,1","0,4273","0,3905","0,4023","0,4321","0,4522","0,3489",1080.0,Fixation,233.0,32.0,841.0,400.0,"0,4285","0,3706"
Eye Tracker,30.09.2020,14:54:28.720,0,846.0,411.0,802.0,455.0,890.0,366.0,"0,03314","0,14676","-0,98862","-0,02772","0,12050","-0,99233",0,0,Valid,Valid,"196,9","23,4","681,2","263,3","16,4","691,0","219,7","124,5","244,0","100,3","0,4313","0,3803","0,4048","0,4212","0,4579","0,3393",1080.0,Fixation,233.0,32.0,841.0,400.0,"0,4285","0,3706"
Eye Tracker,30.09.2020,14:54:28.720,0,855.0,398.0,801.0,463.0,910.0,333.0,"0,03285","0,14988","-0,98816","-0,01986","0,10780","-0,99397","2,68","3,22",Valid,Valid,"196,8","23,3","681,3","263,1","16,3","691,2","219,4","126,6","249,3","91,2","0,4369","0,3686","0,4041","0,4284","0,4697","0,3087",1080.0,Fixation,233.0,32.0,841.0,400.0,"0,4285","0,3706"
Eye Tracker,30.09.2020,14:54:28.720,0,854.0,429.0,795.0,453.0,913.0,404.0,"0,03074","0,14631","-0,98876","-0,01815","0,13532","-0,99064",0,0,Valid,Valid,"196,7","23,2","681,2","263,0","16,2","691,3","217,8","124,0","250,3","110,6","0,4362","0,3969","0,4006","0,4196","0,4719","0,3742",1080.0,Fixation,233.0,32.0,841.0,400.0,"0,4285","0,3706"
Eye Tracker,30.09.2020,14:54:28.720,0,847.0,388.0,798.0,427.0,895.0,348.0,"0,03241","0,13631","-0,99014","-0,02500","0,11403","-0,99316",0,0,Valid,Valid,"196,5","23,1","681,3","262,8","16,0","691,5","218,8","116,9","245,4","95,4","0,4319","0,3591","0,4026","0,3956","0,4611","0,3226",1080.0,Fixation,233.0,32.0,841.0,400.0,"0,4285","0,3706"
Eye Tracker,30.09.2020,14:54:28.720,0,837.0,396.0,790.0,420.0,885.0,371.0,"0,02949","0,13362","-0,99059","-0,02901","0,12318","-0,99196","3,39","2,82",Valid,Valid,"196,3","22,9","681,4","262,7","15,8","691,7","216,6","114,9","242,4","101,6","0,4263","0,3663","0,3979","0,3886","0,4546","0,3439",1080.0,Fixation,233.0,32.0,841.0,400.0,"0,4285","0,3706"
Eye Tracker,30.09.2020,14:54:28.720,0,840.0,399.0,792.0,427.0,889.0,371.0,"0,03015","0,13657","-0,99017","-0,02718","0,12326","-0,99200",0,0,Valid,Valid,"196,2","22,8","681,4","262,5","15,6","691,9","216,9","116,8","243,6","101,5","0,4278","0,3694","0,3986","0,3952","0,4571","0,3435",1080.0,Fixation,233.0,32.0,841.0,400.0,"0,4285","0,3706"
Eye Tracker,30.09.2020,14:54:28.720,0,835.0,410.0,785.0,438.0,885.0,382.0,"0,02769","0,14104","-0,98962","-0,02849","0,12777","-0,99139",0,0,Valid,Valid,"196,0","22,6","681,6","262,3","15,3","692,1","215,1","119,8","242,4","104,5","0,4246","0,3794","0,3945","0,4053","0,4546","0,3536",1080.0,Fixation,233.0,32.0,841.0,400.0,"0,4285","0,3706"
Eye Tracker,30.09.2020,14:54:28.720,0,839.0,401.0,784.0,438.0,893.0,364.0,"0,02768","0,14145","-0,98956","-0,02493","0,12135","-0,99230","3,11","3,17",Valid,Valid,"195,9","22,4","681,7","262,2","15,1","692,3","214,9","119,9","244,8","99,7","0,4270","0,3715","0,3942","0,4055","0,4598","0,3374",1080.0,Saccade,17.0,95.0,0.0,0.0,0,0
Eye Tracker,30.09.2020,14:54:28.720,0,835.0,370.0,782.0,393.0,888.0,347.0,"0,02710","0,12429","-0,99188","-0,02691","0,11503","-0,99300",0,0,Valid,Valid,"195,7","22,2","681,8","262,0","14,8","692,4","214,3","107,7","243,3","95,0","0,4247","0,3429","0,3929","0,3642","0,4564","0,3216",1080.0,Saccade,17.0,95.0,0.0,0.0,0,0
Eye Tracker,30.09.2020,14:54:28.720,0,835.0,367.0,788.0,386.0,882.0,349.0,"0,02963","0,12161","-0,99214","-0,02896","0,11597","-0,99283",0,0,Valid,Valid,"195,5","22,0","681,9","261,8","14,6","692,5","215,9","105,6","241,6","95,5","0,4246","0,3402","0,3963","0,3574","0,4529","0,3230",1080.0,Unclassified,8.0,109.0,0.0,0.0,0,0
Eye Tracker,30.09.2020,14:54:28.720,0,833.0,384.0,792.0,407.0,875.0,360.0,"0,03144","0,13026","-0,99098","-0,03140","0,12068","-0,99219","2,66","2,72",Valid,Valid,"195,4","21,8","682,1","261,7","14,3","692,7","217,0","111,5","239,8","98,6","0,4238","0,3553","0,3988","0,3771","0,4488","0,3336",1080.0,Saccade,8.0,96.0,0.0,0.0,0,0
Eye Tracker,30.09.2020,14:54:28.720,0,834.0,402.0,796.0,442.0,872.0,363.0,"0,03319","0,14391","-0,98903","-0,03239","0,12193","-0,99201",0,0,Valid,Valid,"195,2","21,6","682,1","261,6","14,1","692,8","218,1","120,9","238,9","99,3","0,4241","0,3724","0,4012","0,4089","0,4469","0,3359",1080.0,Fixation,200.0,33.0,839.0,401.0,"0,4272","0,3715"
Eye Tracker,30.09.2020,14:54:28.720,0,836.0,395.0,797.0,444.0,875.0,347.0,"0,03396","0,14487","-0,98887","-0,03101","0,11633","-0,99273",0,0,Valid,Valid,"195,1","21,4","682,2","261,4","13,9","692,9","218,5","121,4","239,8","95,1","0,4254","0,3662","0,4021","0,4107","0,4487","0,3217",1080.0,Fixation,200.0,33.0,839.0,401.0,"0,4272","0,3715"
Eye Tracker,30.09.2020,14:54:28.720,0,838.0,382.0,795.0,430.0,880.0,334.0,"0,03318","0,14005","-0,98959","-0,02860","0,11148","-0,99336","3,40","3,09",Valid,Valid,"195,0","21,2","682,3","261,3","13,7","693,0","217,8","117,8","241,3","91,4","0,4264","0,3539","0,4006","0,3985","0,4521","0,3094",1080.0,Fixation,200.0,33.0,839.0,401.0,"0,4272","0,3715"
Eye Tracker,30.09.2020,14:54:28.720,0,835.0,373.0,786.0,406.0,884.0,341.0,"0,02976","0,13084","-0,99096","-0,02697","0,11426","-0,99309",0,0,Valid,Valid,"194,9","21,1","682,3","261,1","13,5","693,1","215,4","111,2","242,3","93,2","0,4247","0,3457","0,3951","0,3761","0,4544","0,3154",1080.0,Fixation,200.0,33.0,839.0,401.0,"0,4272","0,3715"
0,30.09.2020,14:54:28.720,"Down, Left",0.0,0.0,0.0,0.0,0.0,0.0,0,0,0,0,0,0,0,0,0,0,0,0,0,0,0,0,0,0,0,0,0,0,0,0,0,0,0.0,Fixation,200.0,33.0,839.0,401.0,"0,4272","0,3715"
Eye Tracker,30.09.2020,14:54:28.720,0,829.0,394.0,784.0,427.0,874.0,361.0,"0,02939","0,13921","-0,98983","-0,03068","0,12241","-0,99201",0,0,Valid,Valid,"194,7","20,9","682,3","261,0","13,3","693,2","215,0","116,9","239,6","98,8","0,4213","0,3649","0,3943","0,3955","0,4483","0,3343",1080.0,Fixation,200.0,33.0,839.0,401.0,"0,4272","0,3715"
Eye Tracker,30.09.2020,14:54:28.720,0,830.0,395.0,786.0,428.0,874.0,361.0,"0,03010","0,13981","-0,98972","-0,03060","0,12258","-0,99199","3,25","2,91",Valid,Valid,"194,6","20,8","682,4","260,9","13,1","693,3","215,4","117,2","239,5","98,8","0,4217","0,3653","0,3952","0,3964","0,4482","0,3342",1080.0,Fixation,200.0,33.0,839.0,401.0,"0,4272","0,3715"
Eye Tracker,30.09.2020,14:54:28.720,0,837.0,408.0,800.0,448.0,874.0,368.0,"0,03568","0,14747","-0,98842","-0,03032","0,12531","-0,99165",0,0,Valid,Valid,"194,5","20,7","682,4","260,8","13,0","693,3","219,2","122,5","239,6","100,6","0,4259","0,3774","0,4035","0,4144","0,4484","0,3404",1080.0,Fixation,200.0,33.0,839.0,401.0,"0,4272","0,3715"
Eye Tracker,30.09.2020,14:54:28.720,0,842.0,401.0,807.0,448.0,878.0,354.0,"0,03856","0,14763","-0,98829","-0,02853","0,12039","-0,99232",0,0,Valid,Valid,"194,4","20,6","682,5","260,7","12,9","693,5","221,0","122,5","240,7","97,0","0,4292","0,3713","0,4076","0,4146","0,4509","0,3281",1080.0,Fixation,200.0,33.0,839.0,401.0,"0,4272","0,3715"
Eye Tracker,30.09.2020,14:54:28.720,0,835.0,409.0,807.0,448.0,864.0,370.0,"0,03867","0,14777","-0,98827","-0,03403","0,12661","-0,99137","3,29","2,66",Valid,Valid,"194,3","20,5","682,6","260,6","12,8","693,6","221,0","122,5","236,8","101,3","0,4249","0,3787","0,4076","0,4146","0,4422","0,3429",1080.0,Fixation,200.0,33.0,839.0,401.0,"0,4272","0,3715"
Eye Tracker,30.09.2020,14:54:28.720,0,847.0,423.0,811.0,466.0,883.0,381.0,"0,04033","0,15494","-0,98710","-0,02636","0,13081","-0,99106",0,0,Valid,Valid,"194,3","20,4","682,6","260,5","12,7","693,6","222,2","127,6","242,1","104,2","0,4319","0,3921","0,4101","0,4316","0,4538","0,3527",1080.0,Fixation,200.0,33.0,839.0,401.0,"0,4272","0,3715"
Eye Tracker,30.09.2020,14:54:28.720,0,843.0,419.0,803.0,457.0,884.0,381.0,"0,03757","0,15150","-0,98774","-0,02604","0,13095","-0,99105",0,0,Valid,Valid,"194,1","20,4","682,7","260,4","12,6","693,8","220,1","125,1","242,2","104,3","0,4298","0,3880","0,4056","0,4232","0,4540","0,3528",1080.0,Fixation,200.0,33.0,839.0,401.0,"0,4272","0,3715"
Eye Tracker,30.09.2020,14:54:28.720,0,849.0,416.0,802.0,470.0,897.0,362.0,"0,03716","0,15667","-0,98695","-0,02082","0,12375","-0,99210","2,76","2,74",Valid,Valid,"194,1","20,3","682,9","260,3","12,5","693,9","219,8","128,7","245,8","99,1","0,4334","0,3853","0,4049","0,4354","0,4620","0,3352",1080.0,Fixation,200.0,33.0,839.0,401.0,"0,4272","0,3715"
Eye Tracker,30.09.2020,14:54:28.720,0,848.0,409.0,811.0,468.0,886.0,350.0,"0,04079","0,15567","-0,98697","-0,02511","0,11929","-0,99254",0,0,Valid,Valid,"194,0","20,3","683,0","260,3","12,5","694,0","222,3","128,0","242,7","95,9","0,4328","0,3787","0,4103","0,4330","0,4553","0,3245",1080.0,Fixation,200.0,33.0,839.0,401.0,"0,4272","0,3715"
Eye Tracker,30.09.2020,14:54:28.720,0,839.0,421.0,811.0,467.0,868.0,375.0,"0,04086","0,15555","-0,98698","-0,03203","0,12865","-0,99117",0,0,Valid,Valid,"193,9","20,2","683,2","260,2","12,4","694,1","222,2","127,9","237,8","102,5","0,4273","0,3898","0,4102","0,4327","0,4444","0,3469",1080.0,Fixation,200.0,33.0,839.0,401.0,"0,4272","0,3715"
Eye Tracker,30.09.2020,14:54:28.720,0,839.0,409.0,813.0,452.0,866.0,366.0,"0,04180","0,14968","-0,98785","-0,03276","0,12547","-0,99156","2,80","3,30",Valid,Valid,"193,9","20,1","683,4","260,2","12,4","694,3","222,8","123,7","237,2","100,3","0,4273","0,3789","0,4114","0,4185","0,4431","0,3392",1080.0,Fixation,200.0,33.0,839.0,401.0,"0,4272","0,3715"
Eye Tracker,30.09.2020,14:54:28.720,0,841.0,415.0,803.0,445.0,879.0,384.0,"0,03818","0,14707","-0,98839","-0,02745","0,13244","-0,99081",0,0,Valid,Valid,"193,8","20,1","683,5","260,1","12,4","694,3","220,2","121,8","240,9","105,2","0,4285","0,3840","0,4058","0,4121","0,4512","0,3559",1080.0,Fixation,200.0,33.0,839.0,401.0,"0,4272","0,3715"
0,30.09.2020,14:54:28.720,"Up, Left",0.0,0.0,0.0,0.0,0.0,0.0,0,0,0,0,0,0,0,0,0,0,0,0,0,0,0,0,0,0,0,0,0,0,0,0,0,0,0.0,Fixation,200.0,33.0,839.0,401.0,"0,4272","0,3715"
Eye Tracker,30.09.2020,14:54:28.720,0,844.0,410.0,803.0,444.0,886.0,376.0,"0,03799","0,14669","-0,98845","-0,02458","0,12915","-0,99132",0,0,Valid,Valid,"193,7","20,1","683,7","260,0","12,3","694,5","220,0","121,5","242,8","102,8","0,4303","0,3795","0,4052","0,4112","0,4554","0,3477",1080.0,Fixation,200.0,33.0,839.0,401.0,"0,4272","0,3715"
Eye Tracker,30.09.2020,14:54:28.720,0,844.0,409.0,802.0,444.0,886.0,375.0,"0,03806","0,14678","-0,98844","-0,02437","0,12896","-0,99135","3,09","2,97",Valid,Valid,"193,6","20,0","683,9","259,9","12,2","694,6","219,9","121,5","242,9","102,6","0,4304","0,3792","0,4052","0,4112","0,4556","0,3471",1080.0,Fixation,200.0,33.0,839.0,401.0,"0,4272","0,3715"
Eye Tracker,30.09.2020,14:54:28.720,0,835.0,397.0,802.0,440.0,869.0,353.0,"0,03784","0,14535","-0,98866","-0,03112","0,12055","-0,99222",0,0,Valid,Valid,"193,5","19,9","684,0","259,9","12,2","694,7","219,7","120,5","238,1","96,6","0,4249","0,3673","0,4047","0,4076","0,4451","0,3269",1080.0,Fixation,200.0,33.0,839.0,401.0,"0,4272","0,3715"
Eye Tracker,30.09.2020,14:54:28.720,0,833.0,392.0,793.0,439.0,872.0,346.0,"0,03479","0,14494","-0,98883","-0,02966","0,11783","-0,99259",0,0,Valid,Valid,"193,4","19,9","684,1","259,8","12,2","694,8","217,5","120,2","239,0","94,6","0,4234","0,3634","0,3998","0,4066","0,4471","0,3202",1080.0,Fixation,200.0,33.0,839.0,401.0,"0,4272","0,3715"
Eye Tracker,30.09.2020,14:54:28.720,0,833.0,392.0,794.0,439.0,872.0,346.0,"0,03528","0,14483","-0,98883","-0,02945","0,11788","-0,99259","3,83","3,24",Valid,Valid,"193,3","19,8","684,3","259,7","12,1","694,8","217,7","120,0","239,1","94,6","0,4238","0,3632","0,4004","0,4061","0,4473","0,3202",1080.0,Fixation,200.0,33.0,839.0,401.0,"0,4272","0,3715"
Eye Tracker,30.09.2020,14:54:28.720,0,832.0,382.0,790.0,424.0,874.0,341.0,"0,03358","0,13929","-0,98968","-0,02868","0,11586","-0,99285",0,0,Valid,Valid,"193,3","19,8","684,3","259,7","12,1","694,9","216,5","116,1","239,6","93,2","0,4230","0,3541","0,3976","0,3928","0,4484","0,3153",1080.0,Fixation,200.0,33.0,839.0,401.0,"0,4272","0,3715"
Eye Tracker,30.09.2020,14:54:28.720,0,843.0,388.0,809.0,417.0,878.0,358.0,"0,04112","0,13635","-0,98981","-0,02720","0,12279","-0,99206",0,0,Valid,Valid,"193,2","19,8","684,4","259,6","12,1","694,9","221,6","114,1","240,5","98,1","0,4297","0,3589","0,4089","0,3859","0,4505","0,3319",1080.0,Fixation,200.0,33.0,839.0,401.0,"0,4272","0,3715"
Eye Tracker,30.09.2020,14:54:28.720,0,846.0,395.0,811.0,428.0,882.0,362.0,"0,04189","0,14065","-0,98917","-0,02550","0,12416","-0,99194","2,82","2,73",Valid,Valid,"193,2","19,7","684,5","259,6","12,0","695,0","222,2","117,0","241,7","99,0","0,4316","0,3654","0,4101","0,3959","0,4531","0,3350",1080.0,Fixation,200.0,33.0,839.0,401.0,"0,4272","0,3715"
Eye Tracker,30.09.2020,14:54:28.720,0,863.0,386.0,817.0,417.0,908.0,356.0,"0,04460","0,13647","-0,98964","-0,01543","0,12181","-0,99243",0,0,Valid,Valid,"193,2","19,6","684,6","259,6","12,0","694,9","224,0","114,0","248,8","97,3","0,4414","0,3575","0,4142","0,3858","0,4685","0,3292",1080.0,Saccade,17.0,97.0,0.0,0.0,0,0
Eye Tracker,30.09.2020,14:54:28.720,0,876.0,349.0,830.0,384.0,923.0,313.0,"0,04961","0,12379","-0,99107","-0,00953","0,10561","-0,99436",0,0,Valid,Valid,"193,1","19,6","684,7","259,6","12,0","695,0","227,4","105,2","252,9","85,8","0,4496","0,3230","0,4215","0,3558","0,4776","0,2903",1080.0,Saccade,17.0,97.0,0.0,0.0,0,0
0,30.09.2020,14:54:28.720,babelia 6164137243739591,0.0,0.0,0.0,0.0,0.0,0.0,0,0,0,0,0,0,0,0,0,0,0,0,0,0,0,0,0,0,0,0,0,0,0,0,0,0,0.0,Fixation,225.0,34.0,864.0,355.0,"0,4501","0,3291"
0,30.09.2020,14:54:28.720,Photo1,0.0,0.0,0.0,0.0,0.0,0.0,0,0,0,0,0,0,0,0,0,0,0,0,0,0,0,0,0,0,0,0,0,0,0,0,0,0,0.0,Fixation,225.0,34.0,864.0,355.0,"0,4501","0,3291"
Eye Tracker,30.09.2020,14:54:28.720,0,878.0,345.0,830.0,384.0,925.0,306.0,"0,04959","0,12384","-0,99106","-0,00850","0,10278","-0,99467","3,81","2,92",Valid,Valid,"193,1","19,6","684,8","259,6","12,0","695,0","227,4","105,2","253,6","83,8","0,4571","0,3197","0,4321","0,3558","0,4820","0,2835",1080.0,Fixation,225.0,34.0,864.0,355.0,"0,4501","0,3291"
Eye Tracker,30.09.2020,14:54:28.720,0,869.0,344.0,831.0,393.0,907.0,294.0,"0,04997","0,12730","-0,99061","-0,01584","0,09799","-0,99506",0,0,Valid,Valid,"193,1","19,6","684,9","259,6","12,0","695,0","227,7","107,6","248,5","80,4","0,4525","0,3181","0,4326","0,3640","0,4723","0,2722",1080.0,Fixation,225.0,34.0,864.0,355.0,"0,4501","0,3291"
Eye Tracker,30.09.2020,14:54:28.720,0,861.0,345.0,830.0,390.0,891.0,301.0,"0,04993","0,12591","-0,99078","-0,02198","0,10083","-0,99466",0,0,Valid,Valid,"193,1","19,5","685,1","259,6","12,0","695,1","227,6","106,6","244,2","82,4","0,4483","0,3198","0,4325","0,3606","0,4641","0,2789",1080.0,Fixation,225.0,34.0,864.0,355.0,"0,4501","0,3291"
Eye Tracker,30.09.2020,14:54:28.720,0,861.0,345.0,830.0,390.0,891.0,301.0,"0,04989","0,12598","-0,99078","-0,02202","0,10085","-0,99466","3,28","3,06",Valid,Valid,"193,1","19,5","685,2","259,6","11,9","695,1","227,6","106,6","244,2","82,4","0,4483","0,3198","0,4325","0,3606","0,4641","0,2789",1080.0,Fixation,225.0,34.0,864.0,355.0,"0,4501","0,3291"
Eye Tracker,30.09.2020,14:54:28.720,0,859.0,348.0,826.0,386.0,891.0,310.0,"0,04824","0,12480","-0,99101","-0,02193","0,10416","-0,99432",0,0,Valid,Valid,"193,1","19,4","685,3","259,7","11,9","695,2","226,5","105,7","244,3","84,8","0,4473","0,3223","0,4304","0,3578","0,4643","0,2868",1080.0,Fixation,225.0,34.0,864.0,355.0,"0,4501","0,3291"
Eye Tracker,30.09.2020,14:54:28.720,0,862.0,359.0,822.0,405.0,903.0,313.0,"0,04639","0,13195","-0,99017","-0,01739","0,10536","-0,99428",0,0,Valid,Valid,"193,1","19,4","685,4","259,6","11,9","695,3","225,2","110,8","247,5","85,6","0,4491","0,3322","0,4279","0,3748","0,4703","0,2895",1080.0,Fixation,225.0,34.0,864.0,355.0,"0,4501","0,3291"
Eye Tracker,30.09.2020,14:54:28.720,0,860.0,365.0,818.0,408.0,903.0,323.0,"0,04477","0,13337","-0,99005","-0,01756","0,10921","-0,99386","2,54","2,73",Valid,Valid,"193,1","19,4","685,5","259,7","11,8","695,4","224,1","111,7","247,4","88,3","0,4479","0,3383","0,4258","0,3780","0,4701","0,2986",1080.0,Fixation,225.0,34.0,864.0,355.0,"0,4501","0,3291"
Eye Tracker,30.09.2020,14:54:28.720,0,860.0,363.0,820.0,408.0,901.0,318.0,"0,04568","0,13317","-0,99004","-0,01836","0,10748","-0,99404",0,0,Valid,Valid,"193,1","19,4","685,6","259,7","11,8","695,5","224,7","111,6","246,8","87,0","0,4480","0,3361","0,4270","0,3777","0,4690","0,2945",1080.0,Fixation,225.0,34.0,864.0,355.0,"0,4501","0,3291"
Eye Tracker,30.09.2020,14:54:28.720,0,861.0,352.0,821.0,391.0,900.0,313.0,"0,04627","0,12652","-0,99088","-0,01836","0,10545","-0,99426",0,0,Valid,Valid,"193,0","19,5","685,6","259,6","11,8","695,7","225,0","107,0","246,8","85,6","0,4483","0,3258","0,4276","0,3621","0,4689","0,2895",1080.0,Fixation,225.0,34.0,864.0,355.0,"0,4501","0,3291"
Eye Tracker,30.09.2020,14:54:28.720,0,862.0,344.0,825.0,387.0,899.0,301.0,"0,04793","0,12469","-0,99104","-0,01893","0,10106","-0,99470","3,58","3,37",Valid,Valid,"193,0","19,5","685,6","259,6","11,8","695,9","226,1","105,8","246,4","82,5","0,4490","0,3184","0,4297","0,3579","0,4682","0,2790",1080.0,Fixation,225.0,34.0,864.0,355.0,"0,4501","0,3291"
Eye Tracker,30.09.2020,14:54:28.720,0,867.0,356.0,828.0,398.0,906.0,314.0,"0,04922","0,12896","-0,99043","-0,01597","0,10605","-0,99423",0,0,Valid,Valid,"193,0","19,6","685,5","259,6","11,7","696,1","227,0","108,9","248,4","86,0","0,4518","0,3296","0,4315","0,3683","0,4721","0,2909",1080.0,Fixation,225.0,34.0,864.0,355.0,"0,4501","0,3291"
Eye Tracker,30.09.2020,14:54:28.720,0,866.0,360.0,827.0,399.0,905.0,322.0,"0,04890","0,12908","-0,99043","-0,01630","0,10926","-0,99388",0,0,Valid,Valid,"192,9","19,7","685,4","259,5","11,7","696,3","226,7","109,1","248,1","88,2","0,4512","0,3337","0,4309","0,3690","0,4715","0,2985",1080.0,Fixation,225.0,34.0,864.0,355.0,"0,4501","0,3291"
Eye Tracker,30.09.2020,14:54:28.720,0,866.0,363.0,827.0,398.0,905.0,327.0,"0,04891","0,12897","-0,99044","-0,01649","0,11094","-0,99369","3,26","2,71",Valid,Valid,"192,9","19,8","685,3","259,5","11,6","696,5","226,8","109,1","248,0","89,4","0,4511","0,3357","0,4309","0,3690","0,4713","0,3024",1080.0,Fixation,225.0,34.0,864.0,355.0,"0,4501","0,3291"
Eye Tracker,30.09.2020,14:54:28.720,0,871.0,365.0,833.0,402.0,910.0,328.0,"0,05129","0,13038","-0,99014","-0,01458","0,11140","-0,99367",0,0,Valid,Valid,"192,9","19,9","685,1","259,5","11,6","696,6","228,4","110,1","249,3","89,7","0,4539","0,3380","0,4340","0,3726","0,4737","0,3034",1080.0,Fixation,225.0,34.0,864.0,355.0,"0,4501","0,3291"
Eye Tracker,30.09.2020,14:54:28.720,0,865.0,369.0,818.0,426.0,913.0,312.0,"0,04513","0,13947","-0,98920","-0,01324","0,10548","-0,99433",0,0,Valid,Valid,"192,8","20,0","685,0","259,4","11,5","696,8","224,1","116,6","250,2","85,4","0,4506","0,3417","0,4258","0,3944","0,4754","0,2890",1080.0,Fixation,225.0,34.0,864.0,355.0,"0,4501","0,3291"
Eye Tracker,30.09.2020,14:54:28.720,0,866.0,367.0,818.0,426.0,915.0,308.0,"0,04515","0,13940","-0,98921","-0,01252","0,10411","-0,99449","3,20","3,55",Valid,Valid,"192,8","20,0","684,8","259,4","11,4","696,9","224,1","116,6","250,7","84,4","0,4511","0,3399","0,4258","0,3943","0,4764","0,2855",1080.0,Fixation,225.0,34.0,864.0,355.0,"0,4501","0,3291"
Eye Tracker,30.09.2020,14:54:28.720,0,865.0,361.0,824.0,410.0,906.0,312.0,"0,04764","0,13323","-0,98994","-0,01604","0,10558","-0,99428",0,0,Valid,Valid,"192,8","20,1","684,7","259,4","11,4","696,9","225,8","112,3","248,2","85,4","0,4503","0,3344","0,4290","0,3798","0,4716","0,2890",1080.0,Fixation,225.0,34.0,864.0,355.0,"0,4501","0,3291"
Eye Tracker,30.09.2020,14:54:28.720,0,870.0,353.0,833.0,389.0,906.0,317.0,"0,05145","0,12499","-0,99082","-0,01567","0,10740","-0,99409",0,0,Valid,Valid,"192,7","20,2","684,5","259,3","11,4","697,0","228,3","106,5","248,3","86,7","0,4529","0,3269","0,4338","0,3605","0,4720","0,2932",1080.0,Fixation,225.0,34.0,864.0,355.0,"0,4501","0,3291"
Eye Tracker,30.09.2020,14:54:28.720,0,872.0,354.0,833.0,389.0,910.0,319.0,"0,05148","0,12499","-0,99082","-0,01400","0,10848","-0,99400","2,96","2,75",Valid,Valid,"192,7","20,2","684,4","259,3","11,3","697,0","228,3","106,5","249,5","87,4","0,4540","0,3281","0,4338","0,3605","0,4741","0,2957",1080.0,Fixation,225.0,34.0,864.0,355.0,"0,4501","0,3291"
Eye Tracker,30.09.2020,14:54:28.720,0,863.0,356.0,822.0,403.0,905.0,308.0,"0,04726","0,13052","-0,99032","-0,01616","0,10411","-0,99443",0,0,Valid,Valid,"192,7","20,2","684,3","259,3","11,4","696,9","225,4","110,4","248,0","84,3","0,4497","0,3294","0,4283","0,3736","0,4712","0,2853",1080.0,Fixation,225.0,34.0,864.0,355.0,"0,4501","0,3291"
Eye Tracker,30.09.2020,14:54:28.720,0,861.0,360.0,826.0,413.0,895.0,306.0,"0,04881","0,13434","-0,98973","-0,01970","0,10322","-0,99446",0,0,Valid,Valid,"192,6","20,3","684,2","259,2","11,3","696,8","226,4","113,2","245,4","83,7","0,4483","0,3330","0,4302","0,3829","0,4664","0,2830",1080.0,Fixation,225.0,34.0,864.0,355.0,"0,4501","0,3291"
Eye Tracker,30.09.2020,14:54:28.720,0,861.0,356.0,828.0,412.0,894.0,301.0,"0,04959","0,13371","-0,98978","-0,02029","0,10125","-0,99465","3,65","2,65",Valid,Valid,"192,6","20,3","684,1","259,2","11,3","696,8","226,9","112,7","245,0","82,3","0,4484","0,3298","0,4312","0,3813","0,4656","0,2783",1080.0,Fixation,225.0,34.0,864.0,355.0,"0,4501","0,3291"
Eye Tracker,30.09.2020,14:54:28.720,0,854.0,359.0,821.0,415.0,887.0,304.0,"0,04689","0,13495","-0,98974","-0,02296","0,10243","-0,99447",0,0,Valid,Valid,"192,6","20,3","684,0","259,2","11,4","696,6","225,0","113,5","243,1","83,1","0,4448","0,3327","0,4276","0,3841","0,4620","0,2812",1080.0,Fixation,225.0,34.0,864.0,355.0,"0,4501","0,3291"
Eye Tracker,30.09.2020,14:54:28.720,0,840.0,357.0,816.0,402.0,864.0,312.0,"0,04488","0,12986","-0,99052","-0,03201","0,10575","-0,99388",0,0,Valid,Valid,"192,5","20,3","683,9","259,1","11,4","696,5","223,5","110,0","236,7","85,5","0,4373","0,3307","0,4248","0,3721","0,4498","0,2893",1080.0,Fixation,225.0,34.0,864.0,355.0,"0,4501","0,3291"
Eye Tracker,30.09.2020,14:54:28.720,0,867.0,356.0,836.0,419.0,898.0,294.0,"0,05289","0,13648","-0,98923","-0,01855","0,09859","-0,99496","3,18","2,71",Valid,Valid,"192,6","20,3","683,8","259,1","11,4","696,3","229,1","114,6","246,2","80,4","0,4516","0,3300","0,4354","0,3879","0,4678","0,2721",1080.0,Fixation,225.0,34.0,864.0,355.0,"0,4501","0,3291"
Eye Tracker,30.09.2020,14:54:28.720,0,870.0,322.0,826.0,353.0,913.0,292.0,"0,04914","0,11061","-0,99265","-0,01263","0,09788","-0,99512",0,0,Valid,Valid,"192,6","20,3","683,7","259,2","11,5","696,2","226,5","96,5","250,3","80,0","0,4530","0,2985","0,4304","0,3265","0,4757","0,2706",1080.0,Fixation,225.0,34.0,864.0,355.0,"0,4501","0,3291"
Eye Tracker,30.09.2020,14:54:28.720,0,870.0,346.0,831.0,383.0,909.0,309.0,"0,05088","0,12264","-0,99115","-0,01447","0,10415","-0,99446",0,0,Valid,Valid,"192,7","20,3","683,7","259,2","11,5","696,0","227,7","104,9","249,1","84,4","0,4531","0,3203","0,4328","0,3550","0,4733","0,2857",1080.0,Fixation,225.0,34.0,864.0,355.0,"0,4501","0,3291"
Eye Tracker,30.09.2020,14:54:28.720,0,870.0,344.0,830.0,383.0,910.0,305.0,"0,05025","0,12250","-0,99120","-0,01445","0,10288","-0,99459","2,87","2,92",Valid,Valid,"192,9","20,3","683,6","259,4","11,6","695,9","227,5","104,8","249,3","83,6","0,4530","0,3187","0,4323","0,3546","0,4737","0,2828",1080.0,Saccade,25.0,98.0,0.0,0.0,0,0
Eye Tracker,30.09.2020,14:54:28.720,0,924.0,337.0,888.0,378.0,960.0,297.0,"0,07285","0,12030","-0,99006","0,00492","0,09955","-0,99502",0,0,Valid,Valid,"193,0","20,4","683,5","259,5","11,7","695,7","243,3","103,4","263,0","81,3","0,4811","0,3124","0,4624","0,3499","0,4997","0,2750",1080.0,Saccade,25.0,98.0,0.0,0.0,0,0
Eye Tracker,30.09.2020,14:54:28.720,0,979.0,331.0,932.0,370.0,1025.0,292.0,"0,09044","0,11691","-0,98902","0,03066","0,09733","-0,99478",0,0,Valid,Valid,"193,1","20,4","683,5","259,6","11,8","695,6","255,6","101,2","281,0","79,8","0,5098","0,3062","0,4857","0,3423","0,5340","0,2700",1080.0,Saccade,25.0,98.0,0.0,0.0,0,0
Eye Tracker,30.09.2020,14:54:28.720,0,979.0,330.0,932.0,369.0,1025.0,292.0,"0,09021","0,11671","-0,98906","0,03052","0,09719","-0,99480","3,30","2,94",Valid,Valid,"193,1","20,4","683,4","259,6","11,9","695,5","255,5","101,1","281,0","79,8","0,5097","0,3060","0,4855","0,3420","0,5339","0,2700",1080.0,Unclassified,33.0,110.0,0.0,0.0,0,0
Eye Tracker,30.09.2020,14:54:28.720,0,971.0,333.0,934.0,386.0,1008.0,279.0,"0,09087","0,12321","-0,98821","0,02351","0,09225","-0,99546",0,0,Valid,Valid,"193,2","20,5","683,3","259,7","12,0","695,3","256,0","105,7","276,1","76,4","0,5057","0,3081","0,4865","0,3576","0,5248","0,2586",1080.0,Unclassified,33.0,110.0,0.0,0.0,0,0
Eye Tracker,30.09.2020,14:54:28.720,0,969.0,340.0,933.0,404.0,1005.0,276.0,"0,09040","0,12988","-0,98740","0,02248","0,09070","-0,99562",0,0,Valid,Valid,"193,2","20,6","683,3","259,7","12,1","695,2","255,8","110,5","275,4","75,4","0,5047","0,3145","0,4861","0,3738","0,5234","0,2552",1080.0,Unclassified,33.0,110.0,0.0,0.0,0,0
Eye Tracker,30.09.2020,14:54:28.720,0,969.0,339.0,933.0,403.0,1004.0,275.0,"0,09017","0,12962","-0,98746","0,02218","0,09046","-0,99565","3,28","3,44",Valid,Valid,"193,3","20,7","683,2","259,8","12,2","695,1","255,7","110,4","275,3","75,4","0,5045","0,3142","0,4859","0,3734","0,5232","0,2550",1080.0,Unclassified,33.0,110.0,0.0,0.0,0,0
Eye Tracker,30.09.2020,14:54:28.720,0,982.0,341.0,948.0,394.0,1016.0,289.0,"0,09590","0,12578","-0,98741","0,02664","0,09558","-0,99507",0,0,Valid,Valid,"193,3","20,8","683,1","259,9","12,4","695,0","259,7","107,8","278,5","79,1","0,5114","0,3162","0,4935","0,3647","0,5292","0,2677",1080.0,Saccade,33.0,99.0,0.0,0.0,0,0
Eye Tracker,30.09.2020,14:54:28.720,0,994.0,311.0,960.0,344.0,1027.0,278.0,"0,10120","0,10606","-0,98920","0,03084","0,09103","-0,99537",0,0,Valid,Valid,"193,3","20,8","683,2","259,9","12,5","694,9","263,2","94,1","281,4","76,0","0,5175","0,2878","0,5002","0,3183","0,5347","0,2572",1080.0,Saccade,33.0,99.0,0.0,0.0,0,0
Eye Tracker,30.09.2020,14:54:28.720,0,993.0,311.0,960.0,344.0,1026.0,278.0,"0,10101","0,10618","-0,98920","0,03052","0,09092","-0,99539","3,54","3,32",Valid,Valid,"193,4","20,9","683,3","259,9","12,6","694,8","263,1","94,2","281,2","76,1","0,5172","0,2881","0,5001","0,3187","0,5344","0,2574",1080.0,Saccade,33.0,99.0,0.0,0.0,0,0
Eye Tracker,30.09.2020,14:54:28.720,0,994.0,393.0,956.0,491.0,1032.0,294.0,"0,09857","0,16304","-0,98168","0,03292","0,09708","-0,99473",0,0,Valid,Valid,"193,4","20,9","683,4","259,9","12,8","694,7","262,0","134,4","282,9","80,6","0,5178","0,3636","0,4979","0,4546","0,5377","0,2726",1080.0,Saccade,33.0,99.0,0.0,0.0,0,0
Eye Tracker,30.09.2020,14:54:28.720,0,988.0,364.0,945.0,420.0,1031.0,308.0,"0,09476","0,13554","-0,98623","0,03245","0,10221","-0,99423",0,0,Valid,Valid,"193,3","20,9","683,6","259,9","12,9","694,6","259,0","114,8","282,6","84,3","0,5146","0,3368","0,4922","0,3885","0,5370","0,2852",1080.0,Unclassified,8.0,111.0,0.0,0.0,0,0
Eye Tracker,30.09.2020,14:54:28.720,0,990.0,397.0,949.0,487.0,1031.0,308.0,"0,09590","0,16138","-0,98222","0,03241","0,10202","-0,99425","3,11","3,32",Valid,Valid,"193,3","20,9","683,8","259,9","13,0","694,5","260,1","133,2","282,6","84,3","0,5157","0,3679","0,4943","0,4507","0,5370","0,2852",1080.0,Saccade,17.0,100.0,0.0,0.0,0,0
Eye Tracker,30.09.2020,14:54:28.720,0,983.0,338.0,939.0,386.0,1026.0,290.0,"0,09246","0,12271","-0,98813","0,03045","0,09468","-0,99504",0,0,Valid,Valid,"193,3","20,8","684,0","260,0","13,2","694,3","257,3","105,8","281,2","79,3","0,5117","0,3130","0,4891","0,3579","0,5344","0,2682",1080.0,Saccade,17.0,100.0,0.0,0.0,0,0
Eye Tracker,30.09.2020,14:54:28.720,0,986.0,338.0,947.0,391.0,1025.0,285.0,"0,09564","0,12428","-0,98763","0,03012","0,09275","-0,99523",0,0,Valid,Valid,"193,3","20,8","684,2","259,9","13,3","694,2","259,5","106,9","280,9","78,0","0,5135","0,3128","0,4932","0,3618","0,5339","0,2639",1080.0,Fixation,158.0,35.0,984.0,336.0,"0,5125","0,3111"
Eye Tracker,30.09.2020,14:54:28.720,0,986.0,338.0,947.0,391.0,1025.0,285.0,"0,09560","0,12432","-0,98763","0,03010","0,09264","-0,99525","3,43","3,61",Valid,Valid,"193,3","20,8","684,5","259,9","13,4","694,2","259,5","106,9","280,9","78,0","0,5135","0,3128","0,4932","0,3618","0,5339","0,2639",1080.0,Fixation,158.0,35.0,984.0,336.0,"0,5125","0,3111"
Eye Tracker,30.09.2020,14:54:28.720,0,987.0,329.0,943.0,356.0,1031.0,301.0,"0,09411","0,11085","-0,98937","0,03227","0,09879","-0,99458",0,0,Valid,Valid,"193,3","20,7","684,7","259,9","13,5","694,0","258,4","97,4","282,5","82,4","0,5139","0,3043","0,4911","0,3296","0,5368","0,2789",1080.0,Fixation,158.0,35.0,984.0,336.0,"0,5125","0,3111"
Eye Tracker,30.09.2020,14:54:28.720,0,981.0,323.0,937.0,345.0,1026.0,302.0,"0,09198","0,10641","-0,99006","0,03034","0,09893","-0,99463",0,0,Valid,Valid,"193,2","20,7","684,8","259,9","13,5","694,0","256,8","94,3","281,1","82,6","0,5111","0,2992","0,4881","0,3190","0,5341","0,2793",1080.0,Fixation,158.0,35.0,984.0,336.0,"0,5125","0,3111"
Eye Tracker,30.09.2020,14:54:28.720,0,981.0,323.0,937.0,345.0,1026.0,302.0,"0,09204","0,10653","-0,99004","0,03035","0,09886","-0,99464","3,20","3,39",Valid,Valid,"193,2","20,6","685,0","259,9","13,6","693,9","256,9","94,3","281,1","82,5","0,5112","0,2992","0,4882","0,3191","0,5342","0,2793",1080.0,Fixation,158.0,35.0,984.0,336.0,"0,5125","0,3111"
Eye Tracker,30.09.2020,14:54:28.720,0,981.0,324.0,943.0,361.0,1019.0,288.0,"0,09411","0,11305","-0,98912","0,02784","0,09332","-0,99525",0,0,Valid,Valid,"193,2","20,6","685,0","259,9","13,6","693,8","258,4","98,9","279,3","78,7","0,5109","0,3004","0,4911","0,3346","0,5308","0,2663",1080.0,Fixation,158.0,35.0,984.0,336.0,"0,5125","0,3111"
Eye Tracker,30.09.2020,14:54:28.720,0,971.0,336.0,928.0,382.0,1015.0,290.0,"0,08812","0,12098","-0,98874","0,02621","0,09416","-0,99521",0,0,Valid,Valid,"193,2","20,6","685,0","259,9","13,6","693,7","254,2","104,4","278,2","79,3","0,5059","0,3108","0,4831","0,3533","0,5286","0,2682",1080.0,Fixation,158.0,35.0,984.0,336.0,"0,5125","0,3111"
Eye Tracker,30.09.2020,14:54:28.720,0,972.0,336.0,928.0,382.0,1016.0,290.0,"0,08811","0,12099","-0,98874","0,02665","0,09415","-0,99520","3,31","3,31",Valid,Valid,"193,2","20,6","685,0","259,9","13,6","693,7","254,2","104,4","278,5","79,3","0,5062","0,3108","0,4831","0,3533","0,5292","0,2682",1080.0,Fixation,158.0,35.0,984.0,336.0,"0,5125","0,3111"
Eye Tracker,30.09.2020,14:54:28.720,0,976.0,355.0,930.0,402.0,1022.0,308.0,"0,08906","0,12898","-0,98764","0,02891","0,10126","-0,99444",0,0,Valid,Valid,"193,2","20,6","684,8","259,9","13,7","693,6","255,0","110,1","280,1","84,3","0,5084","0,3288","0,4845","0,3724","0,5322","0,2853",1080.0,Fixation,158.0,35.0,984.0,336.0,"0,5125","0,3111"
Eye Tracker,30.09.2020,14:54:28.720,0,993.0,341.0,951.0,382.0,1035.0,300.0,"0,09741","0,12092","-0,98787","0,03422","0,09797","-0,99460",0,0,Valid,Valid,"193,2","20,7","684,7","259,8","13,7","693,5","260,7","104,5","283,7","82,0","0,5173","0,3155","0,4954","0,3536","0,5392","0,2774",1080.0,Fixation,158.0,35.0,984.0,336.0,"0,5125","0,3111"
Eye Tracker,30.09.2020,14:54:28.720,0,993.0,341.0,951.0,382.0,1035.0,300.0,"0,09738","0,12090","-0,98788","0,03421","0,09797","-0,99460","3,19","3,03",Valid,Valid,"193,2","20,7","684,6","259,9","13,7","693,5","260,7","104,5","283,7","82,0","0,5173","0,3155","0,4954","0,3536","0,5392","0,2774",1080.0,Fixation,158.0,35.0,984.0,336.0,"0,5125","0,3111"
Eye Tracker,30.09.2020,14:54:28.720,0,988.0,329.0,950.0,368.0,1026.0,290.0,"0,09702","0,11528","-0,98858","0,03049","0,09423","-0,99508",0,0,Valid,Valid,"193,2","20,8","684,4","259,9","13,7","693,4","260,4","100,6","281,1","79,4","0,5145","0,3044","0,4949","0,3403","0,5342","0,2686",1080.0,Fixation,158.0,35.0,984.0,336.0,"0,5125","0,3111"
Eye Tracker,30.09.2020,14:54:28.720,0,977.0,345.0,939.0,386.0,1014.0,304.0,"0,09262","0,12244","-0,98814","0,02605","0,09970","-0,99468",0,0,Valid,Valid,"193,2","20,9","684,3","259,8","13,7","693,3","257,4","105,6","278,0","83,2","0,5087","0,3195","0,4891","0,3574","0,5283","0,2815",1080.0,Fixation,158.0,35.0,984.0,336.0,"0,5125","0,3111"
Eye Tracker,30.09.2020,14:54:28.720,0,981.0,345.0,940.0,387.0,1021.0,304.0,"0,09305","0,12274","-0,98807","0,02859","0,09960","-0,99462","3,35","3,23",Valid,Valid,"193,2","20,9","684,2","259,9","13,7","693,3","257,7","105,9","279,8","83,2","0,5107","0,3198","0,4897","0,3583","0,5317","0,2814",1080.0,Fixation,158.0,35.0,984.0,336.0,"0,5125","0,3111"
Eye Tracker,30.09.2020,14:54:28.720,0,981.0,341.0,943.0,380.0,1020.0,303.0,"0,09412","0,11986","-0,98832","0,02812","0,09912","-0,99468",0,0,Valid,Valid,"193,3","20,9","684,1","259,9","13,8","693,2","258,4","103,9","279,5","82,9","0,5111","0,3159","0,4911","0,3516","0,5311","0,2803",1080.0,Fixation,158.0,35.0,984.0,336.0,"0,5125","0,3111"
Eye Tracker,30.09.2020,14:54:28.720,0,989.0,333.0,942.0,375.0,1035.0,291.0,"0,09380","0,11788","-0,98859","0,03419","0,09440","-0,99495",0,0,Valid,Valid,"193,3","21,0","684,0","259,9","13,8","693,2","258,2","102,6","283,7","79,5","0,5149","0,3081","0,4906","0,3470","0,5391","0,2691",1080.0,Fixation,158.0,35.0,984.0,336.0,"0,5125","0,3111"
Eye Tracker,30.09.2020,14:54:28.720,0,988.0,333.0,942.0,374.0,1035.0,291.0,"0,09362","0,11772","-0,98862","0,03405","0,09442","-0,99495","3,22","3,29",Valid,Valid,"193,3","21,0","684,0","259,9","13,8","693,2","258,1","102,4","283,6","79,6","0,5147","0,3079","0,4904","0,3466","0,5390","0,2692",1080.0,Fixation,158.0,35.0,984.0,336.0,"0,5125","0,3111"
Eye Tracker,30.09.2020,14:54:28.720,0,989.0,343.0,935.0,390.0,1042.0,297.0,"0,09101","0,12374","-0,98813","0,03693","0,09689","-0,99461",0,0,Valid,Valid,"193,3","21,0","683,9","259,9","13,8","693,2","256,3","106,6","285,7","81,3","0,5150","0,3180","0,4871","0,3608","0,5428","0,2752",1080.0,Fixation,158.0,35.0,984.0,336.0,"0,5125","0,3111"
Eye Tracker,30.09.2020,14:54:28.720,0,993.0,339.0,948.0,384.0,1039.0,294.0,"0,09589","0,12135","-0,98797","0,03555","0,09567","-0,99478",0,0,Valid,Valid,"193,3","21,0","684,0","259,9","13,8","693,2","259,7","105,0","284,7","80,4","0,5172","0,3138","0,4935","0,3553","0,5410","0,2722",1080.0,Fixation,158.0,35.0,984.0,336.0,"0,5125","0,3111"
Eye Tracker,30.09.2020,14:54:28.720,0,994.0,339.0,949.0,383.0,1038.0,294.0,"0,09634","0,12123","-0,98794","0,03532","0,09575","-0,99478","3,22","3,47",Valid,Valid,"193,4","21,0","684,0","260,0","13,8","693,2","260,1","104,9","284,6","80,5","0,5176","0,3137","0,4944","0,3550","0,5408","0,2724",1080.0,Saccade,50.0,101.0,0.0,0.0,0,0
Eye Tracker,30.09.2020,14:54:28.720,0,1034.0,333.0,991.0,376.0,1078.0,290.0,"0,11243","0,11815","-0,98661","0,05054","0,09401","-0,99429",0,0,Valid,Valid,"193,6","21,0","684,1","260,2","13,9","693,2","271,6","102,9","295,4","79,4","0,5388","0,3084","0,5161","0,3482","0,5614","0,2687",1080.0,Saccade,50.0,101.0,0.0,0.0,0,0
Eye Tracker,30.09.2020,14:54:28.720,0,1149.0,352.0,1105.0,379.0,1192.0,325.0,"0,15620","0,11851","-0,98059","0,09480","0,10708","-0,98972",0,0,Valid,Valid,"193,8","21,0","684,1","260,3","13,9","693,3","302,8","103,7","326,7","88,9","0,5982","0,3258","0,5754","0,3508","0,6209","0,3007",1080.0,Saccade,50.0,101.0,0.0,0.0,0,0
Eye Tracker,30.09.2020,14:54:28.720,0,1159.0,359.0,1106.0,379.0,1213.0,339.0,"0,15638","0,11868","-0,98054","0,10239","0,11235","-0,98838","3,18","2,65",Valid,Valid,"194,0","20,9","684,5","260,5","13,8","693,6","303,2","103,7","332,4","92,6","0,6039","0,3322","0,5761","0,3510","0,6316","0,3135",1080.0,Saccade,50.0,101.0,0.0,0.0,0,0
Eye Tracker,30.09.2020,14:54:28.720,0,1232.0,352.0,1183.0,383.0,1280.0,321.0,"0,18538","0,11974","-0,97534","0,12842","0,10512","-0,98613",0,0,Valid,Valid,"194,0","20,9","684,5","260,6","13,8","693,6","324,1","104,9","350,9","87,8","0,6414","0,3259","0,6160","0,3549","0,6668","0,2969",1080.0,Saccade,50.0,101.0,0.0,0.0,0,0
Eye Tracker,30.09.2020,14:54:28.720,0,1262.0,357.0,1207.0,404.0,1316.0,310.0,"0,19418","0,12736","-0,97266","0,14235","0,10092","-0,98466",0,0,Valid,Valid,"194,0","20,9","684,6","260,5","13,8","693,7","330,7","110,5","360,8","84,9","0,6570","0,3305","0,6284","0,3738","0,6857","0,2872",1080.0,Saccade,50.0,101.0,0.0,0.0,0,0
Eye Tracker,30.09.2020,14:54:28.720,0,1206.0,403.0,1206.0,403.0,0.0,0.0,"0,19396","0,12719","-0,97273",0,0,0,"3,33",0,Valid,Invalid,"194,0","20,8","684,7",0,0,0,"330,5","110,3",0,0,"0,6282","0,3733","0,6282","0,3733",0,0,1080.0,Fixation,250.0,36.0,1273.0,356.0,"0,6631","0,3294"
Eye Tracker,30.09.2020,14:54:28.720,0,1262.0,347.0,1211.0,390.0,1313.0,305.0,"0,19581","0,12214","-0,97301","0,14098","0,09898","-0,98505",0,0,Valid,Valid,"194,0","20,8","684,7","260,6","13,7","693,8","331,8","106,7","359,9","83,5","0,6573","0,3217","0,6306","0,3611","0,6840","0,2823",1080.0,Fixation,250.0,36.0,1273.0,356.0,"0,6631","0,3294"
Eye Tracker,30.09.2020,14:54:28.720,0,1280.0,350.0,1233.0,368.0,1327.0,332.0,"0,20453","0,11372","-0,97223","0,14596","0,10934","-0,98323",0,0,Valid,Valid,"194,0","20,7","684,7","260,6","13,7","693,9","338,1","100,8","363,6","90,8","0,6667","0,3243","0,6424","0,3412","0,6910","0,3073",1080.0,Fixation,250.0,36.0,1273.0,356.0,"0,6631","0,3294"
Eye Tracker,30.09.2020,14:54:28.720,0,1273.0,357.0,1232.0,368.0,1314.0,347.0,"0,20412","0,11359","-0,97233","0,14077","0,11520","-0,98332","2,94","2,69",Valid,Valid,"194,0","20,7","684,7","260,7","13,6","694,0","337,8","100,7","360,0","94,9","0,6630","0,3309","0,6419","0,3407","0,6841","0,3212",1080.0,Fixation,250.0,36.0,1273.0,356.0,"0,6631","0,3294"
Eye Tracker,30.09.2020,14:54:28.720,0,1278.0,368.0,1238.0,379.0,1317.0,357.0,"0,20607","0,11784","-0,97142","0,14192","0,11903","-0,98270",0,0,Valid,Valid,"194,1","20,7","684,7","260,7","13,6","694,0","339,3","103,7","360,9","97,6","0,6654","0,3406","0,6449","0,3509","0,6859","0,3303",1080.0,Fixation,250.0,36.0,1273.0,356.0,"0,6631","0,3294"
Eye Tracker,30.09.2020,14:54:28.720,0,1262.0,365.0,1223.0,380.0,1300.0,351.0,"0,20045","0,11849","-0,97251","0,13561","0,11682","-0,98385",0,0,Valid,Valid,"194,1","20,6","684,7","260,7","13,5","694,0","335,2","104,0","356,3","95,9","0,6571","0,3383","0,6370","0,3520","0,6772","0,3246",1080.0,Fixation,250.0,36.0,1273.0,356.0,"0,6631","0,3294"
Eye Tracker,30.09.2020,14:54:28.720,0,1274.0,346.0,1223.0,380.0,1326.0,311.0,"0,20028","0,11853","-0,97254","0,14556","0,10174","-0,98410","3,74","3,35",Valid,Valid,"194,1","20,6","684,7","260,7","13,5","694,0","335,1","104,0","363,4","85,2","0,6637","0,3201","0,6369","0,3519","0,6906","0,2884",1080.0,Fixation,250.0,36.0,1273.0,356.0,"0,6631","0,3294"
Eye Tracker,30.09.2020,14:54:28.720,0,1281.0,357.0,1229.0,410.0,1333.0,303.0,"0,20214","0,13013","-0,97067","0,14823","0,09838","-0,98405",0,0,Valid,Valid,"194,2","20,5","684,7","260,8","13,5","693,8","336,8","112,3","365,3","82,9","0,6671","0,3302","0,6400","0,3799","0,6942","0,2805",1080.0,Fixation,250.0,36.0,1273.0,356.0,"0,6631","0,3294"
Eye Tracker,30.09.2020,14:54:28.720,0,1295.0,363.0,1229.0,421.0,1361.0,305.0,"0,20220","0,13417","-0,97011","0,15898","0,09916","-0,98229",0,0,Valid,Valid,"194,2","20,5","684,7","260,8","13,6","693,6","336,9","115,2","373,0","83,6","0,6746","0,3363","0,6402","0,3897","0,7089","0,2828",1080.0,Fixation,250.0,36.0,1273.0,356.0,"0,6631","0,3294"
Eye Tracker,30.09.2020,14:54:28.720,0,1295.0,363.0,1229.0,421.0,1361.0,305.0,"0,20215","0,13423","-0,97011","0,15899","0,09911","-0,98229","3,33","2,97",Valid,Valid,"194,2","20,4","684,7","260,9","13,6","693,4","336,9","115,2","373,1","83,6","0,6746","0,3362","0,6402","0,3897","0,7090","0,2828",1080.0,Fixation,250.0,36.0,1273.0,356.0,"0,6631","0,3294"
Eye Tracker,30.09.2020,14:54:28.720,0,1285.0,352.0,1216.0,393.0,1355.0,312.0,"0,19733","0,12377","-0,97249","0,15658","0,10148","-0,98244",0,0,Valid,Valid,"194,3","20,4","684,7","260,9","13,7","693,1","333,2","107,5","371,4","85,3","0,6695","0,3262","0,6332","0,3638","0,7057","0,2887",1080.0,Fixation,250.0,36.0,1273.0,356.0,"0,6631","0,3294"
Eye Tracker,30.09.2020,14:54:28.720,0,1259.0,363.0,1208.0,393.0,1310.0,332.0,"0,19444","0,12374","-0,97308","0,13936","0,10964","-0,98415",0,0,Valid,Valid,"194,3","20,4","684,6","260,9","13,8","692,8","331,1","107,4","359,0","91,0","0,6557","0,3357","0,6292","0,3635","0,6822","0,3079",1080.0,Fixation,250.0,36.0,1273.0,356.0,"0,6631","0,3294"
Eye Tracker,30.09.2020,14:54:28.720,0,1259.0,363.0,1208.0,393.0,1310.0,333.0,"0,19445","0,12389","-0,97306","0,13939","0,10960","-0,98415","3,37","3,29",Valid,Valid,"194,3","20,3","684,6","260,9","13,9","692,5","331,1","107,5","359,0","91,0","0,6558","0,3358","0,6293","0,3637","0,6823","0,3079",1080.0,Fixation,250.0,36.0,1273.0,356.0,"0,6631","0,3294"
Eye Tracker,30.09.2020,14:54:28.720,0,1260.0,348.0,1215.0,382.0,1305.0,313.0,"0,19721","0,11987","-0,97301","0,13778","0,10216","-0,98518",0,0,Valid,Valid,"194,4","20,3","684,5","261,0","14,0","692,2","333,1","104,7","357,8","85,8","0,6565","0,3222","0,6330","0,3541","0,6799","0,2902",1080.0,Fixation,250.0,36.0,1273.0,356.0,"0,6631","0,3294"
Eye Tracker,30.09.2020,14:54:28.720,0,1276.0,336.0,1225.0,376.0,1326.0,296.0,"0,20096","0,11718","-0,97257","0,14592","0,09518","-0,98471",0,0,Valid,Valid,"194,4","20,3","684,5","261,0","14,1","691,9","335,8","102,8","363,5","81,0","0,6645","0,3109","0,6381","0,3478","0,6908","0,2739",1080.0,Fixation,250.0,36.0,1273.0,356.0,"0,6631","0,3294"
Eye Tracker,30.09.2020,14:54:28.720,0,1269.0,344.0,1225.0,376.0,1313.0,313.0,"0,20089","0,11723","-0,97257","0,14068","0,10163","-0,98482","3,30","2,69",Valid,Valid,"194,4","20,3","684,5","261,0","14,2","691,6","335,8","102,8","359,8","85,5","0,6610","0,3186","0,6381","0,3478","0,6838","0,2894",1080.0,Fixation,250.0,36.0,1273.0,356.0,"0,6631","0,3294"
Eye Tracker,30.09.2020,14:54:28.720,0,1268.0,348.0,1223.0,374.0,1312.0,322.0,"0,20017","0,11645","-0,97282","0,14020","0,10507","-0,98453",0,0,Valid,Valid,"194,5","20,3","684,4","261,1","14,3","691,3","335,3","102,2","359,5","88,0","0,6602","0,3219","0,6372","0,3459","0,6832","0,2979",1080.0,Fixation,250.0,36.0,1273.0,356.0,"0,6631","0,3294"
Eye Tracker,30.09.2020,14:54:28.720,0,1264.0,357.0,1222.0,384.0,1305.0,330.0,"0,19958","0,12038","-0,97246","0,13765","0,10836","-0,98454",0,0,Valid,Valid,"194,4","20,3","684,4","261,1","14,3","691,1","334,9","105,0","357,7","90,4","0,6581","0,3306","0,6364","0,3554","0,6797","0,3059",1080.0,Fixation,250.0,36.0,1273.0,356.0,"0,6631","0,3294"
Eye Tracker,30.09.2020,14:54:28.720,0,1270.0,354.0,1225.0,388.0,1315.0,320.0,"0,20055","0,12201","-0,97206","0,14165","0,10426","-0,98441","3,35","2,79",Valid,Valid,"194,5","20,3","684,4","261,1","14,4","691,0","335,7","106,2","360,5","87,6","0,6616","0,3278","0,6380","0,3594","0,6851","0,2963",1080.0,Fixation,250.0,36.0,1273.0,356.0,"0,6631","0,3294"
Eye Tracker,30.09.2020,14:54:28.720,0,1264.0,363.0,1229.0,396.0,1300.0,330.0,"0,20192","0,12495","-0,97140","0,13556","0,10798","-0,98487",0,0,Valid,Valid,"194,6","20,4","684,3","261,2","14,5","690,9","336,8","108,4","356,3","90,2","0,6585","0,3359","0,6400","0,3667","0,6770","0,3052",1080.0,Fixation,250.0,36.0,1273.0,356.0,"0,6631","0,3294"
Eye Tracker,30.09.2020,14:54:28.720,0,1258.0,357.0,1218.0,384.0,1297.0,330.0,"0,19809","0,12024","-0,97278","0,13464","0,10831","-0,98496",0,0,Valid,Valid,"194,6","20,4","684,3","261,2","14,5","690,8","333,9","105,0","355,6","90,4","0,6551","0,3306","0,6345","0,3552","0,6758","0,3060",1080.0,Fixation,250.0,36.0,1273.0,356.0,"0,6631","0,3294"
Eye Tracker,30.09.2020,14:54:28.720,0,1224.0,393.0,1224.0,393.0,0.0,0.0,"0,20009","0,12364","-0,97195",0,0,0,"3,31",0,Valid,Invalid,"194,6","20,4","684,3",0,0,0,"335,5","107,5",0,0,"0,6375","0,3636","0,6375","0,3636",0,0,1080.0,Fixation,250.0,36.0,1273.0,356.0,"0,6631","0,3294"
Eye Tracker,30.09.2020,14:54:28.720,0,1268.0,364.0,1218.0,396.0,1318.0,332.0,"0,19775","0,12476","-0,97228","0,14235","0,10877","-0,98382",0,0,Valid,Valid,"194,7","20,5","684,2","261,3","14,5","690,8","333,8","108,3","361,2","90,9","0,6604","0,3369","0,6344","0,3663","0,6864","0,3076",1080.0,Fixation,250.0,36.0,1273.0,356.0,"0,6631","0,3294"
Eye Tracker,30.09.2020,14:54:28.720,0,1274.0,361.0,1222.0,395.0,1327.0,327.0,"0,19919","0,12446","-0,97203","0,14582","0,10669","-0,98354",0,0,Valid,Valid,"194,7","20,5","684,2","261,3","14,5","690,8","334,9","108,1","363,7","89,5","0,6638","0,3342","0,6364","0,3657","0,6912","0,3027",1080.0,Fixation,250.0,36.0,1273.0,356.0,"0,6631","0,3294"
Eye Tracker,30.09.2020,14:54:28.720,0,1281.0,354.0,1225.0,397.0,1336.0,310.0,"0,20041","0,12528","-0,97167","0,14924","0,10021","-0,98371","3,28","3,40",Valid,Valid,"194,8","20,5","684,2","261,4","14,6","690,8","335,9","108,7","366,2","84,9","0,6671","0,3276","0,6383","0,3678","0,6959","0,2873",1080.0,Fixation,250.0,36.0,1273.0,356.0,"0,6631","0,3294"
Eye Tracker,30.09.2020,14:54:28.720,0,1282.0,342.0,1229.0,396.0,1334.0,288.0,"0,20164","0,12475","-0,97148","0,14861","0,09144","-0,98466",0,0,Valid,Valid,"194,8","20,5","684,1","261,4","14,6","690,8","336,8","108,4","365,7","78,7","0,6675","0,3165","0,6401","0,3667","0,6949","0,2663",1080.0,Fixation,250.0,36.0,1273.0,356.0,"0,6631","0,3294"
Eye Tracker,30.09.2020,14:54:28.720,0,1286.0,342.0,1234.0,402.0,1338.0,281.0,"0,20335","0,12713","-0,97082","0,14988","0,08879","-0,98471",0,0,Valid,Valid,"194,8","20,5","684,1","261,5","14,5","690,9","338,1","110,1","366,6","76,8","0,6696","0,3163","0,6426","0,3726","0,6967","0,2600",1080.0,Fixation,250.0,36.0,1273.0,356.0,"0,6631","0,3294"
Eye Tracker,30.09.2020,14:54:28.720,0,1286.0,342.0,1235.0,403.0,1337.0,281.0,"0,20363","0,12752","-0,97071","0,14939","0,08881","-0,98478","3,37","3,35",Valid,Valid,"194,9","20,5","684,1","261,6","14,5","691,0","338,4","110,4","366,4","76,8","0,6697","0,3168","0,6432","0,3736","0,6963","0,2600",1080.0,Fixation,250.0,36.0,1273.0,356.0,"0,6631","0,3294"
Eye Tracker,30.09.2020,14:54:28.720,0,1289.0,356.0,1235.0,406.0,1343.0,306.0,"0,20375","0,12842","-0,97056","0,15139","0,09870","-0,98353",0,0,Valid,Valid,"195,0","20,6","684,0","261,7","14,5","691,0","338,6","111,1","368,0","83,9","0,6714","0,3298","0,6435","0,3758","0,6994","0,2838",1080.0,Fixation,250.0,36.0,1273.0,356.0,"0,6631","0,3294"
Eye Tracker,30.09.2020,14:54:28.720,0,1285.0,360.0,1228.0,407.0,1342.0,313.0,"0,20112","0,12909","-0,97102","0,15088","0,10136","-0,98334",0,0,Valid,Valid,"195,0","20,6","683,9","261,7","14,5","691,0","336,7","111,5","367,7","85,7","0,6693","0,3337","0,6398","0,3773","0,6988","0,2900",1080.0,Fixation,250.0,36.0,1273.0,356.0,"0,6631","0,3294"
Eye Tracker,30.09.2020,14:54:28.720,0,1267.0,365.0,1212.0,406.0,1322.0,324.0,"0,19522","0,12869","-0,97228","0,14346","0,10582","-0,98398","2,81","2,75",Valid,Valid,"195,0","20,6","683,8","261,6","14,4","691,1","332,3","111,1","362,4","88,8","0,6601","0,3381","0,6315","0,3759","0,6887","0,3003",1080.0,Saccade,50.0,102.0,0.0,0.0,0,0
Eye Tracker,30.09.2020,14:54:28.720,0,1171.0,329.0,1111.0,373.0,1230.0,284.0,"0,15715","0,11703","-0,98062","0,10832","0,09092","-0,98995",0,0,Valid,Valid,"194,9","20,5","683,7","261,5","14,4","691,0","304,5","102,1","337,1","77,8","0,6097","0,3044","0,5787","0,3455","0,6407","0,2633",1080.0,Saccade,50.0,102.0,0.0,0.0,0,0
Eye Tracker,30.09.2020,14:54:28.720,0,1022.0,248.0,954.0,295.0,1090.0,201.0,"0,09665","0,08729","-0,99148","0,05381","0,05866","-0,99683",0,0,Valid,Valid,"194,9","20,5","683,6","261,4","14,3","690,9","261,5","80,7","298,7","54,9","0,5323","0,2295","0,4969","0,2730","0,5677","0,1859",1080.0,Saccade,50.0,102.0,0.0,0.0,0,0
Eye Tracker,30.09.2020,14:54:28.720,0,954.0,295.0,954.0,295.0,0.0,0.0,"0,09657","0,08741","-0,99148",0,0,0,"2,97",0,Valid,Invalid,"194,9","20,4","683,5",0,0,0,"261,5","80,7",0,0,"0,4969","0,2730","0,4969","0,2730",0,0,1080.0,Saccade,50.0,102.0,0.0,0.0,0,0
Eye Tracker,30.09.2020,14:54:28.720,0,983.0,255.0,938.0,344.0,1029.0,167.0,"0,08984","0,10668","-0,99023","0,02963","0,04554","-0,99852",0,0,Valid,Valid,"195,0","20,4","683,4","261,5","14,2","690,8","257,0","94,1","282,0","45,7","0,5122","0,2365","0,4885","0,3182","0,5360","0,1547",1080.0,Saccade,50.0,102.0,0.0,0.0,0,0
Eye Tracker,30.09.2020,14:54:28.720,0,968.0,222.0,934.0,271.0,1002.0,173.0,"0,08840","0,07817","-0,99301","0,01873","0,04770","-0,99869",0,0,Valid,Valid,"195,1","20,4","683,4","261,7","14,2","690,8","256,0","74,2","274,6","47,2","0,5041","0,2055","0,4864","0,2511","0,5219","0,1598",1080.0,Saccade,50.0,102.0,0.0,0.0,0,0
Eye Tracker,30.09.2020,14:54:28.720,0,966.0,228.0,931.0,284.0,1002.0,173.0,"0,08684","0,08313","-0,99275","0,01848","0,04771","-0,99869","2,79","3,41",Valid,Valid,"195,3","20,4","683,3","261,8","14,2","690,7","255,1","77,6","274,6","47,2","0,5033","0,2112","0,4847","0,2627","0,5219","0,1598",1080.0,Fixation,450.0,37.0,966.0,226.0,"0,5030","0,2096"
Eye Tracker,30.09.2020,14:54:28.720,0,970.0,230.0,928.0,275.0,1012.0,185.0,"0,08551","0,07977","-0,99314","0,02205","0,05259","-0,99837",0,0,Valid,Valid,"195,4","20,4","683,2","262,0","14,3","690,6","254,2","75,3","277,2","50,7","0,5050","0,2130","0,4832","0,2547","0,5269","0,1714",1080.0,Fixation,450.0,37.0,966.0,226.0,"0,5030","0,2096"
Eye Tracker,30.09.2020,14:54:28.720,0,965.0,221.0,929.0,270.0,1001.0,172.0,"0,08577","0,07792","-0,99326","0,01768","0,04753","-0,99871",0,0,Valid,Valid,"195,5","20,4","683,2","262,1","14,3","690,5","254,5","74,0","274,3","47,1","0,5025","0,2049","0,4837","0,2503","0,5213","0,1595",1080.0,Fixation,450.0,37.0,966.0,226.0,"0,5030","0,2096"
Eye Tracker,30.09.2020,14:54:28.720,0,966.0,212.0,932.0,252.0,1000.0,172.0,"0,08670","0,07067","-0,99373","0,01723","0,04755","-0,99872","3,53","2,91",Valid,Valid,"195,7","20,3","683,2","262,3","14,3","690,4","255,3","68,9","274,2","47,2","0,5031","0,1964","0,4852","0,2332","0,5211","0,1596",1080.0,Fixation,450.0,37.0,966.0,226.0,"0,5030","0,2096"
Eye Tracker,30.09.2020,14:54:28.720,0,971.0,252.0,937.0,275.0,1005.0,229.0,"0,08870","0,08006","-0,99284","0,01870","0,06988","-0,99738",0,0,Valid,Valid,"195,8","20,3","683,1","262,4","14,3","690,3","256,9","75,4","275,4","62,7","0,5057","0,2336","0,4882","0,2551","0,5233","0,2121",1080.0,Fixation,450.0,37.0,966.0,226.0,"0,5030","0,2096"
Eye Tracker,30.09.2020,14:54:28.720,0,959.0,231.0,923.0,278.0,994.0,185.0,"0,08302","0,08133","-0,99322","0,01424","0,05232","-0,99853",0,0,Valid,Valid,"195,9","20,2","683,2","262,6","14,3","690,3","253,0","76,2","272,4","50,5","0,4993","0,2143","0,4809","0,2578","0,5177","0,1709",1080.0,Fixation,450.0,37.0,966.0,226.0,"0,5030","0,2096"
Eye Tracker,30.09.2020,14:54:28.720,0,958.0,232.0,923.0,279.0,993.0,185.0,"0,08266","0,08152","-0,99324","0,01376","0,05236","-0,99853","3,33","3,58",Valid,Valid,"196,1","20,1","683,4","262,7","14,4","690,3","253,0","76,2","272,3","50,5","0,4990","0,2145","0,4807","0,2579","0,5174","0,1710",1080.0,Fixation,450.0,37.0,966.0,226.0,"0,5030","0,2096"
Eye Tracker,30.09.2020,14:54:28.720,0,964.0,226.0,930.0,281.0,998.0,171.0,"0,08521","0,08241","-0,99295","0,01521","0,04674","-0,99879",0,0,Valid,Valid,"196,2","20,0","683,5","262,9","14,4","690,3","254,9","76,8","273,4","46,7","0,5020","0,2088","0,4844","0,2598","0,5196","0,1579",1080.0,Fixation,450.0,37.0,966.0,226.0,"0,5030","0,2096"
Eye Tracker,30.09.2020,14:54:28.720,0,969.0,221.0,929.0,279.0,1010.0,163.0,"0,08465","0,08169","-0,99306","0,01988","0,04376","-0,99884",0,0,Valid,Valid,"196,3","20,0","683,7","263,0","14,4","690,3","254,6","76,2","276,8","44,6","0,5049","0,2045","0,4838","0,2579","0,5260","0,1510",1080.0,Fixation,450.0,37.0,966.0,226.0,"0,5030","0,2096"
Eye Tracker,30.09.2020,14:54:28.720,0,957.0,244.0,929.0,279.0,985.0,209.0,"0,08439","0,08177","-0,99307","0,00979","0,06194","-0,99803","3,10","2,92",Valid,Valid,"196,5","19,9","683,9","263,2","14,4","690,4","254,6","76,2","270,0","57,2","0,4985","0,2258","0,4838","0,2579","0,5131","0,1936",1080.0,Fixation,450.0,37.0,966.0,226.0,"0,5030","0,2096"
Eye Tracker,30.09.2020,14:54:28.720,0,953.0,239.0,925.0,278.0,981.0,199.0,"0,08253","0,08160","-0,99324","0,00795","0,05796","-0,99829",0,0,Valid,Valid,"196,6","19,9","683,9","263,4","14,4","690,4","253,5","76,1","268,9","54,5","0,4963","0,2208","0,4817","0,2573","0,5110","0,1843",1080.0,Fixation,450.0,37.0,966.0,226.0,"0,5030","0,2096"
Eye Tracker,30.09.2020,14:54:28.720,0,964.0,209.0,936.0,265.0,993.0,153.0,"0,08689","0,07662","-0,99327","0,01232","0,03955","-0,99914",0,0,Valid,Valid,"196,8","19,8","684,1","263,5","14,4","690,5","256,6","72,6","272,0","41,7","0,5023","0,1935","0,4876","0,2457","0,5170","0,1412",1080.0,Fixation,450.0,37.0,966.0,226.0,"0,5030","0,2096"
Eye Tracker,30.09.2020,14:54:28.720,0,961.0,234.0,935.0,292.0,986.0,177.0,"0,08622","0,08715","-0,99246","0,00927","0,04918","-0,99875","2,87","2,75",Valid,Valid,"196,9","19,8","684,2","263,7","14,4","690,6","256,4","79,9","270,1","48,4","0,5003","0,2170","0,4872","0,2702","0,5134","0,1638",1080.0,Fixation,450.0,37.0,966.0,226.0,"0,5030","0,2096"
Eye Tracker,30.09.2020,14:54:28.720,0,956.0,230.0,922.0,282.0,989.0,178.0,"0,08056","0,08325","-0,99327","0,01039","0,04962","-0,99871",0,0,Valid,Valid,"197,1","19,8","684,2","263,9","14,4","690,7","252,6","77,1","271,1","48,7","0,4977","0,2129","0,4801","0,2609","0,5152","0,1649",1080.0,Fixation,450.0,37.0,966.0,226.0,"0,5030","0,2096"
Eye Tracker,30.09.2020,14:54:28.720,0,962.0,225.0,924.0,276.0,1000.0,174.0,"0,08109","0,08110","-0,99340","0,01460","0,04781","-0,99875",0,0,Valid,Valid,"197,3","19,8","684,3","264,1","14,4","690,7","253,1","75,6","274,2","47,5","0,5010","0,2083","0,4810","0,2559","0,5211","0,1607",1080.0,Fixation,450.0,37.0,966.0,226.0,"0,5030","0,2096"
Eye Tracker,30.09.2020,14:54:28.720,0,964.0,232.0,926.0,283.0,1003.0,182.0,"0,08179","0,08382","-0,99312","0,01516","0,05095","-0,99859","2,85","2,79",Valid,Valid,"197,5","19,7","684,3","264,3","14,4","690,7","253,8","77,5","274,8","49,7","0,5023","0,2151","0,4824","0,2621","0,5222","0,1681",1080.0,Fixation,450.0,37.0,966.0,226.0,"0,5030","0,2096"
Eye Tracker,30.09.2020,14:54:28.720,0,962.0,227.0,923.0,264.0,1000.0,190.0,"0,08050","0,07646","-0,99382","0,01381","0,05407","-0,99844",0,0,Valid,Valid,"197,7","19,7","684,2","264,5","14,5","690,7","253,1","72,4","274,1","51,9","0,5009","0,2102","0,4810","0,2449","0,5208","0,1756",1080.0,Fixation,450.0,37.0,966.0,226.0,"0,5030","0,2096"
Eye Tracker,30.09.2020,14:54:28.720,0,966.0,229.0,926.0,263.0,1006.0,194.0,"0,08137","0,07576","-0,99380","0,01602","0,05586","-0,99831",0,0,Valid,Valid,"197,8","19,8","684,0","264,7","14,5","690,7","253,8","71,9","275,8","53,2","0,5032","0,2116","0,4823","0,2434","0,5241","0,1799",1080.0,Fixation,450.0,37.0,966.0,226.0,"0,5030","0,2096"
0,30.09.2020,14:54:28.720,Photo1,0.0,0.0,0.0,0.0,0.0,0.0,0,0,0,0,0,0,0,0,0,0,0,0,0,0,0,0,0,0,0,0,0,0,0,0,0,0,0.0,Fixation,450.0,37.0,966.0,226.0,"0,5017","0,4082"
0,30.09.2020,14:54:28.720,Photo2,0.0,0.0,0.0,0.0,0.0,0.0,0,0,0,0,0,0,0,0,0,0,0,0,0,0,0,0,0,0,0,0,0,0,0,0,0,0,0.0,Fixation,450.0,37.0,966.0,226.0,"0,5017","0,4082"
Eye Tracker,30.09.2020,14:54:28.720,0,964.0,215.0,908.0,262.0,1020.0,167.0,"0,07394","0,07559","-0,99439","0,02130","0,04524","-0,99875","2,87","3,49",Valid,Valid,"198,0","19,8","683,9","264,9","14,5","690,7","248,9","71,8","279,6","45,8","0,5012","0,4048","0,4848","0,4187","0,5176","0,3909",3415.0,Fixation,450.0,37.0,966.0,226.0,"0,5017","0,4082"
Eye Tracker,30.09.2020,14:54:28.720,0,968.0,219.0,919.0,275.0,1016.0,163.0,"0,07794","0,08065","-0,99369","0,01945","0,04351","-0,99886",0,0,Valid,Valid,"198,3","19,9","683,6","265,1","14,6","690,6","251,9","75,4","278,6","44,7","0,5023","0,4061","0,4880","0,4225","0,5165","0,3897",3415.0,Fixation,450.0,37.0,966.0,226.0,"0,5017","0,4082"
Eye Tracker,30.09.2020,14:54:28.720,0,946.0,206.0,912.0,247.0,979.0,166.0,"0,07516","0,06923","-0,99477","0,00449","0,04468","-0,99899",0,0,Valid,Valid,"198,4","19,9","683,4","265,3","14,6","690,5","250,0","67,5","268,4","45,5","0,4958","0,4023","0,4860","0,4141","0,5056","0,3905",3415.0,Fixation,450.0,37.0,966.0,226.0,"0,5017","0,4082"
Eye Tracker,30.09.2020,14:54:28.720,0,971.0,215.0,927.0,258.0,1015.0,172.0,"0,08050","0,07377","-0,99402","0,01829","0,04709","-0,99872","2,82","3,02",Valid,Valid,"198,6","19,9","683,1","265,5","14,6","690,5","254,0","70,6","278,1","47,1","0,5031","0,4049","0,4902","0,4175","0,5160","0,3923",3415.0,Fixation,450.0,37.0,966.0,226.0,"0,5017","0,4082"
Eye Tracker,30.09.2020,14:54:28.720,0,981.0,220.0,934.0,271.0,1029.0,169.0,"0,08298","0,07870","-0,99344","0,02372","0,04570","-0,99867",0,0,Valid,Valid,"198,8","20,0","682,9","265,7","14,6","690,4","255,9","74,1","282,1","46,2","0,5063","0,4062","0,4923","0,4211","0,5203","0,3913",3415.0,Fixation,450.0,37.0,966.0,226.0,"0,5017","0,4082"
Eye Tracker,30.09.2020,14:54:28.720,0,982.0,210.0,942.0,263.0,1022.0,156.0,"0,08594","0,07559","-0,99343","0,02079","0,04092","-0,99895",0,0,Valid,Valid,"199,0","20,0","682,7","265,8","14,5","690,4","258,0","72,0","280,2","42,8","0,5064","0,4033","0,4946","0,4189","0,5183","0,3877",3415.0,Fixation,450.0,37.0,966.0,226.0,"0,5017","0,4082"
Eye Tracker,30.09.2020,14:54:28.720,0,982.0,215.0,940.0,273.0,1024.0,157.0,"0,08491","0,07972","-0,99319","0,02094","0,04103","-0,99894","2,95","2,93",Valid,Valid,"199,2","20,0","682,5","266,0","14,5","690,4","257,5","74,8","280,5","42,9","0,5063","0,4048","0,4941","0,4219","0,5186","0,3878",3415.0,Fixation,450.0,37.0,966.0,226.0,"0,5017","0,4082"
Eye Tracker,30.09.2020,14:54:28.720,0,962.0,220.0,917.0,240.0,1008.0,199.0,"0,07561","0,06671","-0,99490","0,01432","0,05780","-0,99823",0,0,Valid,Valid,"199,4","20,0","682,2","266,2","14,5","690,4","251,2","65,8","276,1","54,5","0,5006","0,4062","0,4873","0,4123","0,5139","0,4002",3415.0,Fixation,450.0,37.0,966.0,226.0,"0,5017","0,4082"
Eye Tracker,30.09.2020,14:54:28.720,0,958.0,230.0,906.0,254.0,1009.0,206.0,"0,07114","0,07222","-0,99485","0,01484","0,06071","-0,99804",0,0,Valid,Valid,"199,5","20,1","682,1","266,4","14,5","690,4","248,3","69,6","276,6","56,5","0,4993","0,4093","0,4842","0,4163","0,5145","0,4023",3415.0,Fixation,450.0,37.0,966.0,226.0,"0,5017","0,4082"
Eye Tracker,30.09.2020,14:54:28.720,0,966.0,216.0,910.0,243.0,1022.0,189.0,"0,07259","0,06785","-0,99505","0,01959","0,05394","-0,99835","2,86","3,08",Valid,Valid,"199,7","20,1","682,0","266,6","14,4","690,4","249,5","66,6","280,1","51,7","0,5018","0,4052","0,4854","0,4131","0,5182","0,3972",3415.0,Fixation,450.0,37.0,966.0,226.0,"0,5017","0,4082"
Eye Tracker,30.09.2020,14:54:28.720,0,972.0,217.0,920.0,257.0,1024.0,177.0,"0,07613","0,07341","-0,99439","0,02009","0,04913","-0,99859",0,0,Valid,Valid,"199,9","20,1","681,8","266,7","14,4","690,3","252,1","70,4","280,6","48,4","0,5035","0,4055","0,4882","0,4172","0,5187","0,3937",3415.0,Fixation,450.0,37.0,966.0,226.0,"0,5017","0,4082"
Eye Tracker,30.09.2020,14:54:28.720,0,966.0,204.0,917.0,246.0,1016.0,162.0,"0,07495","0,06897","-0,99480","0,01663","0,04307","-0,99893",0,0,Valid,Valid,"200,0","20,1","681,8","266,9","14,4","690,3","251,4","67,4","278,4","44,2","0,5019","0,4016","0,4875","0,4140","0,5163","0,3892",3415.0,Fixation,450.0,37.0,966.0,226.0,"0,5017","0,4082"
Eye Tracker,30.09.2020,14:54:28.720,0,969.0,197.0,924.0,232.0,1015.0,162.0,"0,07732","0,06343","-0,99499","0,01621","0,04311","-0,99894","2,97","2,97",Valid,Valid,"200,2","20,1","681,8","267,0","14,5","690,3","253,1","63,6","278,2","44,3","0,5028","0,3996","0,4894","0,4099","0,5162","0,3892",3415.0,Fixation,450.0,37.0,966.0,226.0,"0,5017","0,4082"
Eye Tracker,30.09.2020,14:54:28.720,0,965.0,229.0,927.0,270.0,1003.0,188.0,"0,07816","0,07858","-0,99384","0,01111","0,05350","-0,99851",0,0,Valid,Valid,"200,3","20,1","681,7","267,2","14,5","690,2","253,9","74,0","274,9","51,5","0,5014","0,4090","0,4902","0,4211","0,5126","0,3970",3415.0,Fixation,450.0,37.0,966.0,226.0,"0,5017","0,4082"
Eye Tracker,30.09.2020,14:54:28.720,0,972.0,223.0,938.0,260.0,1005.0,185.0,"0,08261","0,07429","-0,99381","0,01194","0,05226","-0,99856",0,0,Valid,Valid,"200,4","20,1","681,7","267,3","14,6","690,2","257,1","71,1","275,5","50,7","0,5034","0,4070","0,4935","0,4180","0,5133","0,3961",3415.0,Fixation,450.0,37.0,966.0,226.0,"0,5017","0,4082"
Eye Tracker,30.09.2020,14:54:28.720,0,976.0,206.0,946.0,227.0,1005.0,185.0,"0,08584","0,06115","-0,99443","0,01154","0,05220","-0,99857","3,42","2,91",Valid,Valid,"200,5","20,1","681,7","267,4","14,7","690,1","259,4","62,1","275,4","50,7","0,5046","0,4022","0,4960","0,4083","0,5131","0,3962",3415.0,Fixation,450.0,37.0,966.0,226.0,"0,5017","0,4082"
Eye Tracker,30.09.2020,14:54:28.720,0,971.0,188.0,941.0,202.0,1001.0,173.0,"0,08352","0,05132","-0,99518","0,00976","0,04723","-0,99884",0,0,Valid,Valid,"200,7","20,2","681,7","267,6","14,8","690,0","257,9","55,3","274,3","47,4","0,5032","0,3968","0,4944","0,4011","0,5120","0,3926",3415.0,Fixation,450.0,37.0,966.0,226.0,"0,5017","0,4082"
Eye Tracker,30.09.2020,14:54:28.720,0,964.0,217.0,925.0,236.0,1004.0,197.0,"0,07685","0,06464","-0,99495","0,01093","0,05673","-0,99833",0,0,Valid,Valid,"200,7","20,2","681,7","267,6","14,8","689,9","253,4","64,5","275,2","54,0","0,5013","0,4053","0,4896","0,4109","0,5129","0,3997",3415.0,Fixation,450.0,37.0,966.0,226.0,"0,5017","0,4082"
Eye Tracker,30.09.2020,14:54:28.720,0,961.0,219.0,912.0,255.0,1009.0,183.0,"0,07176","0,07210","-0,99481","0,01263","0,05084","-0,99863","2,94","3,04",Valid,Valid,"200,9","20,3","681,6","267,8","14,9","689,8","250,1","69,7","276,5","50,1","0,5002","0,4059","0,4861","0,4164","0,5143","0,3954",3415.0,Fixation,450.0,37.0,966.0,226.0,"0,5017","0,4082"
Eye Tracker,30.09.2020,14:54:28.720,0,967.0,238.0,917.0,283.0,1016.0,194.0,"0,07330","0,08330","-0,99382","0,01534","0,05486","-0,99838",0,0,Valid,Valid,"201,0","20,4","681,5","267,9","15,1","689,7","251,3","77,5","278,5","53,0","0,5019","0,4117","0,4874","0,4248","0,5165","0,3986",3415.0,Fixation,450.0,37.0,966.0,226.0,"0,5017","0,4082"
Eye Tracker,30.09.2020,14:54:28.720,0,959.0,233.0,920.0,267.0,998.0,199.0,"0,07449","0,07657","-0,99428","0,00798","0,05672","-0,99836",0,0,Valid,Valid,"201,1","20,5","681,4","268,0","15,2","689,6","252,2","73,0","273,5","54,4","0,4997","0,4100","0,4883","0,4200","0,5111","0,4000",3415.0,Fixation,450.0,37.0,966.0,226.0,"0,5017","0,4082"
Eye Tracker,30.09.2020,14:54:28.720,0,960.0,230.0,927.0,258.0,993.0,202.0,"0,07707","0,07308","-0,99434","0,00569","0,05802","-0,99830","2,87","2,85",Valid,Valid,"201,3","20,6","681,3","268,2","15,3","689,6","254,1","70,7","272,1","55,4","0,5000","0,4093","0,4903","0,4175","0,5096","0,4011",3415.0,Fixation,450.0,37.0,966.0,226.0,"0,5017","0,4082"
Eye Tracker,30.09.2020,14:54:28.720,0,957.0,227.0,928.0,260.0,987.0,195.0,"0,07726","0,07341","-0,99431","0,00313","0,05478","-0,99849",0,0,Valid,Valid,"201,4","20,7","681,0","268,3","15,4","689,4","254,3","71,0","270,5","53,2","0,4992","0,4084","0,4906","0,4179","0,5079","0,3988",3415.0,Fixation,450.0,37.0,966.0,226.0,"0,5017","0,4082"
Eye Tracker,30.09.2020,14:54:28.720,0,963.0,219.0,933.0,265.0,994.0,172.0,"0,07901","0,07545","-0,99401","0,00586","0,04585","-0,99893",0,0,Valid,Valid,"201,5","20,9","680,8","268,4","15,5","689,3","255,6","72,6","272,4","47,2","0,5010","0,4059","0,4920","0,4195","0,5100","0,3923",3415.0,Fixation,450.0,37.0,966.0,226.0,"0,5017","0,4082"
Eye Tracker,30.09.2020,14:54:28.720,0,962.0,230.0,928.0,286.0,996.0,174.0,"0,07676","0,08361","-0,99354","0,00667","0,04617","-0,99891","3,10","2,88",Valid,Valid,"201,6","21,0","680,7","268,5","15,6","689,2","254,2","78,3","273,1","47,5","0,5006","0,4092","0,4905","0,4256","0,5107","0,3927",3415.0,Fixation,450.0,37.0,966.0,226.0,"0,5017","0,4082"
Eye Tracker,30.09.2020,14:54:28.720,0,974.0,213.0,939.0,247.0,1010.0,180.0,"0,08121","0,06786","-0,99438","0,01175","0,04839","-0,99876",0,0,Valid,Valid,"201,8","21,1","680,4","268,6","15,7","689,1","257,3","67,5","276,7","49,1","0,5042","0,4043","0,4938","0,4141","0,5145","0,3945",3415.0,Fixation,450.0,37.0,966.0,226.0,"0,5017","0,4082"
Eye Tracker,30.09.2020,14:54:28.720,0,971.0,233.0,928.0,280.0,1015.0,187.0,"0,07670","0,08086","-0,99377","0,01377","0,05129","-0,99859",0,0,Valid,Valid,"201,8","21,2","680,2","268,7","15,8","689,0","254,3","76,5","278,2","51,2","0,5034","0,4102","0,4906","0,4238","0,5161","0,3967",3415.0,Fixation,450.0,37.0,966.0,226.0,"0,5017","0,4082"
Eye Tracker,30.09.2020,14:54:28.720,0,970.0,223.0,929.0,260.0,1011.0,186.0,"0,07719","0,07304","-0,99434","0,01221","0,05088","-0,99863","2,89","2,81",Valid,Valid,"201,9","21,3","680,1","268,8","15,9","688,9","254,7","71,2","277,2","51,0","0,5030","0,4072","0,4910","0,4181","0,5151","0,3964",3415.0,Fixation,450.0,37.0,966.0,226.0,"0,5017","0,4082"
Eye Tracker,30.09.2020,14:54:28.720,0,966.0,228.0,927.0,252.0,1004.0,204.0,"0,07600","0,06952","-0,99468","0,00928","0,05759","-0,99830",0,0,Valid,Valid,"202,0","21,3","679,9","268,9","16,0","688,7","254,0","68,8","275,3","55,7","0,5016","0,4085","0,4902","0,4155","0,5130","0,4015",3415.0,Fixation,450.0,37.0,966.0,226.0,"0,5017","0,4082"
Eye Tracker,30.09.2020,14:54:28.720,0,958.0,238.0,920.0,269.0,997.0,207.0,"0,07312","0,07639","-0,99439","0,00615","0,05881","-0,99825",0,0,Valid,Valid,"202,1","21,4","679,8","268,9","16,0","688,6","252,0","73,6","273,1","56,6","0,4994","0,4115","0,4882","0,4206","0,5107","0,4024",3415.0,Fixation,450.0,37.0,966.0,226.0,"0,5017","0,4082"
Eye Tracker,30.09.2020,14:54:28.720,0,963.0,249.0,924.0,274.0,1001.0,224.0,"0,07478","0,07823","-0,99413","0,00799","0,06531","-0,99783","2,95","2,98",Valid,Valid,"202,1","21,4","679,8","269,0","16,1","688,5","253,3","74,9","274,5","61,2","0,5008","0,4147","0,4895","0,4220","0,5121","0,4073",3415.0,Fixation,450.0,37.0,966.0,226.0,"0,5017","0,4082"
Eye Tracker,30.09.2020,14:54:28.720,0,963.0,258.0,929.0,294.0,998.0,223.0,"0,07674","0,08623","-0,99332","0,00636","0,06498","-0,99787",0,0,Valid,Valid,"202,2","21,4","679,8","269,0","16,2","688,4","254,7","80,4","273,4","61,0","0,5010","0,4176","0,4910","0,4279","0,5110","0,4072",3415.0,Fixation,450.0,37.0,966.0,226.0,"0,5017","0,4082"
Eye Tracker,30.09.2020,14:54:28.720,0,970.0,256.0,932.0,290.0,1008.0,221.0,"0,07797","0,08475","-0,99335","0,01041","0,06422","-0,99788",0,0,Valid,Valid,"202,2","21,5","679,8","269,0","16,2","688,3","255,6","79,5","276,2","60,5","0,5030","0,4168","0,4919","0,4269","0,5140","0,4067",3415.0,Fixation,450.0,37.0,966.0,226.0,"0,5017","0,4082"
Eye Tracker,30.09.2020,14:54:28.720,0,969.0,247.0,928.0,281.0,1011.0,214.0,"0,07598","0,08087","-0,99382","0,01143","0,06112","-0,99806","2,82","2,89",Valid,Valid,"202,2","21,5","679,9","269,1","16,3","688,3","254,2","76,8","277,0","58,5","0,5027","0,4142","0,4905","0,4240","0,5148","0,4044",3415.0,Fixation,450.0,37.0,966.0,226.0,"0,5017","0,4082"
Eye Tracker,30.09.2020,14:54:28.720,0,973.0,242.0,936.0,287.0,1011.0,198.0,"0,07920","0,08347","-0,99336","0,01152","0,05473","-0,99843",0,0,Valid,Valid,"202,3","21,5","680,0","269,1","16,4","688,2","256,5","78,6","277,1","54,1","0,5039","0,4129","0,4929","0,4260","0,5149","0,3998",3415.0,Fixation,450.0,37.0,966.0,226.0,"0,5017","0,4082"
Eye Tracker,30.09.2020,14:54:28.720,0,959.0,250.0,914.0,310.0,1003.0,191.0,"0,07057","0,09252","-0,99321","0,00849","0,05181","-0,99862",0,0,Valid,Valid,"202,3","21,5","680,1","269,1","16,5","688,2","250,6","84,9","275,0","52,2","0,4997","0,4152","0,4866","0,4327","0,5127","0,3977",3415.0,Fixation,450.0,37.0,966.0,226.0,"0,5017","0,4082"
Eye Tracker,30.09.2020,14:54:28.720,0,970.0,238.0,941.0,282.0,1000.0,194.0,"0,08110","0,08128","-0,99339","0,00728","0,05310","-0,99856","3,02","2,95",Valid,Valid,"202,3","21,6","680,2","269,1","16,6","688,3","257,8","77,3","274,1","53,2","0,5031","0,4117","0,4943","0,4245","0,5118","0,3988",3415.0,Saccade,42.0,103.0,0.0,0.0,0,0
Eye Tracker,30.09.2020,14:54:28.720,0,905.0,351.0,861.0,410.0,948.0,293.0,"0,04906","0,13152","-0,99010","-0,01308","0,09143","-0,99573",0,0,Valid,Valid,"202,3","21,8","680,3","269,0","17,0","687,9","236,0","112,1","259,9","80,2","0,4838","0,4448","0,4710","0,4619","0,4966","0,4276",3415.0,Saccade,42.0,103.0,0.0,0.0,0,0
Eye Tracker,30.09.2020,14:54:28.720,0,912.0,369.0,874.0,424.0,951.0,314.0,"0,05413","0,13668","-0,98914","-0,01188","0,09939","-0,99498",0,0,Valid,Valid,"202,2","22,0","680,4","268,9","17,2","687,7","239,5","116,0","260,7","85,9","0,4861","0,4499","0,4747","0,4660","0,4974","0,4338",3415.0,Saccade,42.0,103.0,0.0,0.0,0,0
Eye Tracker,30.09.2020,14:54:28.720,0,894.0,411.0,859.0,460.0,928.0,361.0,"0,04830","0,15079","-0,98739","-0,02090","0,11762","-0,99284","3,01","2,97",Valid,Valid,"202,2","22,1","680,3","268,9","17,4","687,7","235,5","126,0","254,4","98,8","0,4806","0,4622","0,4705","0,4767","0,4907","0,4476",3415.0,Saccade,42.0,103.0,0.0,0.0,0,0
Eye Tracker,30.09.2020,14:54:28.720,0,889.0,438.0,858.0,485.0,920.0,391.0,"0,04790","0,16024","-0,98592","-0,02417","0,12914","-0,99133",0,0,Valid,Valid,"202,2","22,3","680,1","268,9","17,5","687,7","235,3","132,8","252,1","107,1","0,4793","0,4702","0,4703","0,4840","0,4883","0,4564",3415.0,Saccade,42.0,103.0,0.0,0.0,0,0
Eye Tracker,30.09.2020,14:54:28.720,0,882.0,443.0,851.0,485.0,913.0,401.0,"0,04505","0,15991","-0,98610","-0,02695","0,13275","-0,99078",0,0,Valid,Valid,"202,2","22,4","680,1","268,9","17,5","687,7","233,2","132,7","250,1","109,7","0,4771","0,4715","0,4681","0,4838","0,4861","0,4592",3415.0,Unclassified,8.0,112.0,0.0,0.0,0,0
Eye Tracker,30.09.2020,14:54:28.720,0,885.0,434.0,850.0,461.0,920.0,406.0,"0,04471","0,15064","-0,98758","-0,02404","0,13484","-0,99058","3,16","3,04",Valid,Valid,"202,1","22,5","680,0","268,8","17,6","687,8","232,9","126,2","252,1","111,2","0,4780","0,4689","0,4678","0,4769","0,4883","0,4609",3415.0,Saccade,17.0,104.0,0.0,0.0,0,0
Eye Tracker,30.09.2020,14:54:28.720,0,891.0,411.0,846.0,439.0,937.0,383.0,"0,04332","0,14199","-0,98892","-0,01741","0,12566","-0,99192",0,0,Valid,Valid,"202,1","22,6","679,9","268,8","17,7","687,8","231,9","120,2","256,7","104,8","0,4799","0,4623","0,4667","0,4705","0,4932","0,4540",3415.0,Saccade,17.0,104.0,0.0,0.0,0,0
Eye Tracker,30.09.2020,14:54:28.720,0,903.0,404.0,858.0,435.0,948.0,373.0,"0,04825","0,14008","-0,98896","-0,01302","0,12156","-0,99250",0,0,Valid,Valid,"202,0","22,7","679,8","268,7","17,7","687,8","235,2","119,0","259,7","102,0","0,4833","0,4601","0,4702","0,4692","0,4964","0,4510",3415.0,Unclassified,17.0,113.0,0.0,0.0,0,0
Eye Tracker,30.09.2020,14:54:28.720,0,903.0,404.0,858.0,435.0,948.0,373.0,"0,04829","0,14000","-0,98897","-0,01296","0,12151","-0,99251","3,11","3,03",Valid,Valid,"202,0","22,8","679,7","268,7","17,8","687,9","235,2","119,0","259,7","102,0","0,4833","0,4601","0,4702","0,4692","0,4964","0,4510",3415.0,Unclassified,17.0,113.0,0.0,0.0,0,0
Eye Tracker,30.09.2020,14:54:28.720,0,903.0,411.0,870.0,452.0,937.0,369.0,"0,05292","0,14665","-0,98777","-0,01721","0,11990","-0,99264",0,0,Valid,Valid,"202,0","22,9","679,5","268,6","17,8","687,8","238,4","123,8","256,7","100,9","0,4834","0,4621","0,4736","0,4743","0,4932","0,4498",3415.0,Saccade,17.0,105.0,0.0,0.0,0,0
Eye Tracker,30.09.2020,14:54:28.720,0,905.0,453.0,870.0,514.0,940.0,391.0,"0,05314","0,17053","-0,98392","-0,01590","0,12868","-0,99156",0,0,Valid,Valid,"201,9","23,0","679,4","268,6","17,8","687,9","238,6","140,8","257,5","107,1","0,4839","0,4745","0,4738","0,4925","0,4940","0,4565",3415.0,Saccade,17.0,105.0,0.0,0.0,0,0
Eye Tracker,30.09.2020,14:54:28.720,0,900.0,440.0,864.0,505.0,935.0,374.0,"0,05082","0,16687","-0,98467","-0,01775","0,12197","-0,99238","3,09","3,03",Valid,Valid,"201,8","23,1","679,3","268,5","17,8","687,9","236,9","138,2","256,2","102,4","0,4823","0,4706","0,4720","0,4897","0,4926","0,4514",3415.0,Fixation,908.0,38.0,892.0,444.0,"0,4801","0,4718"
Eye Tracker,30.09.2020,14:54:28.720,0,893.0,434.0,855.0,501.0,930.0,367.0,"0,04729","0,16526","-0,98512","-0,01969","0,11933","-0,99266",0,0,Valid,Valid,"201,8","23,2","679,2","268,5","17,9","687,9","234,4","137,1","254,8","100,6","0,4802","0,4690","0,4693","0,4886","0,4911","0,4495",3415.0,Fixation,908.0,38.0,892.0,444.0,"0,4801","0,4718"
Eye Tracker,30.09.2020,14:54:28.720,0,893.0,417.0,856.0,464.0,930.0,370.0,"0,04796","0,15083","-0,98740","-0,01941","0,12048","-0,99253",0,0,Valid,Valid,"201,7","23,3","679,0","268,4","17,8","688,0","234,7","127,0","254,9","101,4","0,4804","0,4640","0,4696","0,4778","0,4912","0,4503",3415.0,Fixation,908.0,38.0,892.0,444.0,"0,4801","0,4718"
Eye Tracker,30.09.2020,14:54:28.720,0,892.0,409.0,851.0,439.0,933.0,380.0,"0,04585","0,14120","-0,98892","-0,01806","0,12409","-0,99211","2,98","3,01",Valid,Valid,"201,7","23,3","678,9","268,3","17,8","688,0","233,1","120,3","255,8","103,9","0,4801","0,4618","0,4680","0,4706","0,4922","0,4530",3415.0,Fixation,908.0,38.0,892.0,444.0,"0,4801","0,4718"
Eye Tracker,30.09.2020,14:54:28.720,0,895.0,436.0,852.0,483.0,939.0,389.0,"0,04619","0,15792","-0,98637","-0,01563","0,12759","-0,99170",0,0,Valid,Valid,"201,6","23,4","678,7","268,2","17,8","688,0","233,4","132,1","257,4","106,3","0,4811","0,4694","0,4683","0,4832","0,4939","0,4556",3415.0,Fixation,908.0,38.0,892.0,444.0,"0,4801","0,4718"
Eye Tracker,30.09.2020,14:54:28.720,0,899.0,433.0,857.0,474.0,940.0,393.0,"0,04867","0,15434","-0,98682","-0,01507","0,12927","-0,99150",0,0,Valid,Valid,"201,5","23,5","678,6","268,1","17,7","688,0","235,0","129,6","257,7","107,4","0,4820","0,4687","0,4699","0,4806","0,4942","0,4568",3415.0,Fixation,908.0,38.0,892.0,444.0,"0,4801","0,4718"
Eye Tracker,30.09.2020,14:54:28.720,0,896.0,439.0,860.0,482.0,933.0,396.0,"0,04973","0,15752","-0,98626","-0,01775","0,13052","-0,99129","3,03","3,02",Valid,Valid,"201,4","23,5","678,5","268,0","17,7","688,1","235,6","131,8","255,7","108,3","0,4814","0,4703","0,4706","0,4829","0,4921","0,4577",3415.0,Fixation,908.0,38.0,892.0,444.0,"0,4801","0,4718"
Eye Tracker,30.09.2020,14:54:28.720,0,897.0,440.0,860.0,480.0,934.0,401.0,"0,05013","0,15670","-0,98637","-0,01733","0,13275","-0,99100",0,0,Valid,Valid,"201,3","23,5","678,3","267,9","17,6","688,1","235,8","131,3","255,9","109,8","0,4816","0,4708","0,4708","0,4823","0,4923","0,4594",3415.0,Fixation,908.0,38.0,892.0,444.0,"0,4801","0,4718"
Eye Tracker,30.09.2020,14:54:28.720,0,898.0,444.0,865.0,476.0,931.0,412.0,"0,05229","0,15531","-0,98648","-0,01810","0,13698","-0,99041",0,0,Valid,Valid,"201,2","23,5","678,2","267,7","17,5","688,2","237,1","130,3","255,2","112,7","0,4819","0,4719","0,4722","0,4813","0,4915","0,4625",3415.0,Fixation,908.0,38.0,892.0,444.0,"0,4801","0,4718"
Eye Tracker,30.09.2020,14:54:28.720,0,902.0,456.0,869.0,498.0,936.0,413.0,"0,05377","0,16391","-0,98501","-0,01601","0,13769","-0,99035","3,14","3,11",Valid,Valid,"201,1","23,5","678,2","267,6","17,5","688,3","238,1","136,4","256,5","113,1","0,4831","0,4754","0,4733","0,4878","0,4929","0,4629",3415.0,Fixation,908.0,38.0,892.0,444.0,"0,4801","0,4718"
Eye Tracker,30.09.2020,14:54:28.720,0,897.0,452.0,864.0,500.0,930.0,403.0,"0,05212","0,16446","-0,98501","-0,01822","0,13383","-0,99084",0,0,Valid,Valid,"200,9","23,6","678,1","267,5","17,4","688,3","236,8","136,8","254,8","110,4","0,4815","0,4741","0,4719","0,4882","0,4912","0,4600",3415.0,Fixation,908.0,38.0,892.0,444.0,"0,4801","0,4718"
Eye Tracker,30.09.2020,14:54:28.720,0,895.0,436.0,859.0,476.0,932.0,397.0,"0,05034","0,15503","-0,98663","-0,01710","0,13156","-0,99116",0,0,Valid,Valid,"200,8","23,6","678,1","267,3","17,3","688,3","235,4","130,1","255,4","108,7","0,4811","0,4697","0,4703","0,4811","0,4918","0,4582",3415.0,Fixation,908.0,38.0,892.0,444.0,"0,4801","0,4718"
Eye Tracker,30.09.2020,14:54:28.720,0,901.0,449.0,865.0,501.0,936.0,397.0,"0,05312","0,16480","-0,98490","-0,01531","0,13144","-0,99121","3,16","3,09",Valid,Valid,"200,6","23,6","678,0","267,2","17,2","688,4","237,2","137,0","256,6","108,5","0,4827","0,4733","0,4723","0,4885","0,4930","0,4580",3415.0,Fixation,908.0,38.0,892.0,444.0,"0,4801","0,4718"
Eye Tracker,30.09.2020,14:54:28.720,0,903.0,436.0,865.0,476.0,941.0,395.0,"0,05320","0,15531","-0,98643","-0,01318","0,13105","-0,99129",0,0,Valid,Valid,"200,5","23,6","678,0","267,1","17,2","688,5","237,1","130,4","257,9","108,2","0,4833","0,4695","0,4722","0,4814","0,4944","0,4577",3415.0,Fixation,908.0,38.0,892.0,444.0,"0,4801","0,4718"
Eye Tracker,30.09.2020,14:54:28.720,0,899.0,425.0,867.0,497.0,930.0,354.0,"0,05407","0,16321","-0,98511","-0,01720","0,11498","-0,99322",0,0,Valid,Valid,"200,3","23,7","677,9","266,9","17,1","688,6","237,6","136,0","255,0","96,8","0,4820","0,4664","0,4727","0,4874","0,4913","0,4455",3415.0,Fixation,908.0,38.0,892.0,444.0,"0,4801","0,4718"
Eye Tracker,30.09.2020,14:54:28.720,0,901.0,416.0,865.0,473.0,936.0,359.0,"0,05362","0,15386","-0,98664","-0,01469","0,11708","-0,99301","3,12","3,17",Valid,Valid,"200,2","23,7","677,9","266,8","17,0","688,8","237,1","129,4","256,6","98,2","0,4826","0,4637","0,4722","0,4803","0,4930","0,4470",3415.0,Fixation,908.0,38.0,892.0,444.0,"0,4801","0,4718"
Eye Tracker,30.09.2020,14:54:28.720,0,899.0,447.0,858.0,472.0,940.0,421.0,"0,05116","0,15356","-0,98681","-0,01314","0,14118","-0,98990",0,0,Valid,Valid,"200,1","23,7","677,8","266,6","17,0","688,9","235,3","129,2","257,5","115,2","0,4821","0,4726","0,4702","0,4801","0,4940","0,4652",3415.0,Fixation,908.0,38.0,892.0,444.0,"0,4801","0,4718"
Eye Tracker,30.09.2020,14:54:28.720,0,907.0,441.0,865.0,463.0,949.0,419.0,"0,05407","0,14981","-0,98724","-0,00920","0,14058","-0,99003",0,0,Valid,Valid,"199,9","23,8","677,8","266,5","16,9","689,0","237,1","126,7","260,1","114,7","0,4845","0,4710","0,4722","0,4774","0,4968","0,4646",3415.0,Fixation,908.0,38.0,892.0,444.0,"0,4801","0,4718"
Eye Tracker,30.09.2020,14:54:28.720,0,905.0,443.0,866.0,475.0,943.0,411.0,"0,05455","0,15442","-0,98650","-0,01126","0,13743","-0,99045","3,15","3,22",Valid,Valid,"199,8","23,8","677,8","266,4","16,9","689,2","237,3","129,9","258,5","112,5","0,4838","0,4716","0,4725","0,4809","0,4951","0,4622",3415.0,Fixation,908.0,38.0,892.0,444.0,"0,4801","0,4718"
Eye Tracker,30.09.2020,14:54:28.720,0,898.0,428.0,859.0,462.0,937.0,395.0,"0,05199","0,14919","-0,98744","-0,01353","0,13128","-0,99125",0,0,Valid,Valid,"199,7","23,9","677,8","266,3","16,8","689,3","235,4","126,3","256,9","108,1","0,4819","0,4673","0,4704","0,4770","0,4933","0,4576",3415.0,Fixation,908.0,38.0,892.0,444.0,"0,4801","0,4718"
Eye Tracker,30.09.2020,14:54:28.720,0,891.0,444.0,845.0,486.0,938.0,402.0,"0,04643","0,15854","-0,98626","-0,01294","0,13380","-0,99092",0,0,Valid,Valid,"199,6","24,0","677,8","266,1","16,8","689,4","231,5","132,9","257,1","109,9","0,4799","0,4718","0,4662","0,4841","0,4936","0,4595",3415.0,Fixation,908.0,38.0,892.0,444.0,"0,4801","0,4718"
Eye Tracker,30.09.2020,14:54:28.720,0,890.0,437.0,841.0,478.0,939.0,396.0,"0,04535","0,15554","-0,98679","-0,01257","0,13166","-0,99122","3,10","3,19",Valid,Valid,"199,5","24,0","677,8","266,0","16,8","689,5","230,6","130,8","257,3","108,4","0,4795","0,4698","0,4653","0,4819","0,4938","0,4578",3415.0,Fixation,908.0,38.0,892.0,444.0,"0,4801","0,4718"
Eye Tracker,30.09.2020,14:54:28.720,0,894.0,441.0,851.0,485.0,937.0,397.0,"0,04909","0,15803","-0,98621","-0,01292","0,13201","-0,99116",0,0,Valid,Valid,"199,4","24,0","677,8","265,9","16,8","689,5","233,1","132,6","256,9","108,6","0,4807","0,4710","0,4679","0,4838","0,4934","0,4581",3415.0,Fixation,908.0,38.0,892.0,444.0,"0,4801","0,4718"
Eye Tracker,30.09.2020,14:54:28.720,0,893.0,437.0,853.0,481.0,933.0,392.0,"0,05027","0,15664","-0,98637","-0,01429","0,13014","-0,99139",0,0,Valid,Valid,"199,2","24,1","677,8","265,8","16,8","689,5","233,8","131,7","255,8","107,3","0,4804","0,4697","0,4686","0,4828","0,4922","0,4567",3415.0,Fixation,908.0,38.0,892.0,444.0,"0,4801","0,4718"
Eye Tracker,30.09.2020,14:54:28.720,0,892.0,430.0,850.0,464.0,934.0,396.0,"0,04945","0,14978","-0,98748","-0,01405","0,13155","-0,99121","3,19","3,25",Valid,Valid,"199,1","24,0","677,9","265,7","16,8","689,5","233,1","126,9","255,9","108,3","0,4801","0,4677","0,4679","0,4776","0,4923","0,4578",3415.0,Fixation,908.0,38.0,892.0,444.0,"0,4801","0,4718"
Eye Tracker,30.09.2020,14:54:28.720,0,898.0,433.0,854.0,465.0,941.0,401.0,"0,05118","0,15036","-0,98731","-0,01100","0,13345","-0,99099",0,0,Valid,Valid,"199,0","24,0","677,8","265,6","16,9","689,4","234,2","127,3","257,9","109,7","0,4818","0,4687","0,4691","0,4781","0,4945","0,4593",3415.0,Fixation,908.0,38.0,892.0,444.0,"0,4801","0,4718"
Eye Tracker,30.09.2020,14:54:28.720,0,905.0,430.0,860.0,463.0,950.0,398.0,"0,05345","0,14941","-0,98733","-0,00719","0,13222","-0,99119",0,0,Valid,Valid,"198,9","24,0","677,9","265,5","16,9","689,3","235,6","126,6","260,5","108,9","0,4839","0,4679","0,4706","0,4774","0,4972","0,4584",3415.0,Fixation,908.0,38.0,892.0,444.0,"0,4801","0,4718"
Eye Tracker,30.09.2020,14:54:28.720,0,904.0,434.0,860.0,463.0,949.0,406.0,"0,05352","0,14945","-0,98732","-0,00762","0,13535","-0,99077","3,29","3,27",Valid,Valid,"198,8","24,0","677,9","265,4","17,0","689,2","235,6","126,6","260,1","111,1","0,4837","0,4691","0,4706","0,4774","0,4968","0,4608",3415.0,Fixation,908.0,38.0,892.0,444.0,"0,4801","0,4718"
Eye Tracker,30.09.2020,14:54:28.720,0,894.0,435.0,840.0,462.0,948.0,408.0,"0,04594","0,14925","-0,98773","-0,00791","0,13612","-0,99066",0,0,Valid,Valid,"198,8","24,0","677,9","265,4","17,0","689,0","230,3","126,4","259,9","111,7","0,4808","0,4693","0,4650","0,4772","0,4965","0,4614",3415.0,Fixation,908.0,38.0,892.0,444.0,"0,4801","0,4718"
Eye Tracker,30.09.2020,14:54:28.720,0,888.0,422.0,841.0,455.0,936.0,389.0,"0,04619","0,14639","-0,98815","-0,01272","0,12886","-0,99158",0,0,Valid,Valid,"198,7","24,0","677,9","265,3","17,1","688,8","230,4","124,4","256,4","106,6","0,4790","0,4655","0,4650","0,4750","0,4929","0,4559",3415.0,Fixation,908.0,38.0,892.0,444.0,"0,4801","0,4718"
Eye Tracker,30.09.2020,14:54:28.720,0,890.0,421.0,845.0,454.0,936.0,389.0,"0,04793","0,14598","-0,98813","-0,01265","0,12877","-0,99159","3,30","3,31",Valid,Valid,"198,7","24,0","677,9","265,3","17,1","688,7","231,6","124,1","256,5","106,6","0,4796","0,4653","0,4663","0,4747","0,4929","0,4559",3415.0,Fixation,908.0,38.0,892.0,444.0,"0,4801","0,4718"
Eye Tracker,30.09.2020,14:54:28.720,0,892.0,425.0,853.0,458.0,932.0,392.0,"0,05110","0,14784","-0,98769","-0,01403","0,12965","-0,99146",0,0,Valid,Valid,"198,6","24,0","677,9","265,2","17,2","688,5","233,7","125,5","255,5","107,2","0,4802","0,4664","0,4686","0,4761","0,4918","0,4566",3415.0,Fixation,908.0,38.0,892.0,444.0,"0,4801","0,4718"
Eye Tracker,30.09.2020,14:54:28.720,0,893.0,438.0,849.0,466.0,936.0,409.0,"0,04982","0,15077","-0,98731","-0,01234","0,13633","-0,99059",0,0,Valid,Valid,"198,6","24,0","677,9","265,1","17,2","688,4","232,8","127,5","256,6","112,0","0,4803","0,4700","0,4676","0,4783","0,4930","0,4617",3415.0,Fixation,908.0,38.0,892.0,444.0,"0,4801","0,4718"
Eye Tracker,30.09.2020,14:54:28.720,0,895.0,437.0,849.0,466.0,941.0,408.0,"0,04964","0,15082","-0,98731","-0,01030","0,13593","-0,99067","3,30","3,31",Valid,Valid,"198,6","24,0","677,9","265,1","17,2","688,3","232,6","127,5","258,0","111,7","0,4810","0,4699","0,4674","0,4784","0,4945","0,4614",3415.0,Fixation,908.0,38.0,892.0,444.0,"0,4801","0,4718"
Eye Tracker,30.09.2020,14:54:28.720,0,895.0,433.0,853.0,458.0,936.0,407.0,"0,05133","0,14761","-0,98771","-0,01225","0,13557","-0,99069",0,0,Valid,Valid,"198,5","24,0","677,8","265,1","17,3","688,2","233,8","125,3","256,6","111,5","0,4808","0,4685","0,4686","0,4760","0,4930","0,4611",3415.0,Fixation,908.0,38.0,892.0,444.0,"0,4801","0,4718"
Eye Tracker,30.09.2020,14:54:28.720,0,892.0,436.0,851.0,459.0,933.0,414.0,"0,05071","0,14807","-0,98768","-0,01332","0,13810","-0,99033",0,0,Valid,Valid,"198,5","24,0","677,8","265,0","17,3","688,2","233,3","125,7","255,8","113,2","0,4801","0,4697","0,4681","0,4763","0,4922","0,4630",3415.0,Fixation,908.0,38.0,892.0,444.0,"0,4801","0,4718"
Eye Tracker,30.09.2020,14:54:28.720,0,891.0,435.0,851.0,459.0,931.0,411.0,"0,05062","0,14803","-0,98769","-0,01401","0,13722","-0,99044","3,27","3,28",Valid,Valid,"198,4","24,0","677,7","265,0","17,2","688,3","233,2","125,6","255,3","112,6","0,4798","0,4693","0,4680","0,4763","0,4916","0,4623",3415.0,Fixation,908.0,38.0,892.0,444.0,"0,4801","0,4718"
Eye Tracker,30.09.2020,14:54:28.720,0,901.0,425.0,856.0,470.0,945.0,379.0,"0,05275","0,15221","-0,98694","-0,00851","0,12479","-0,99215",0,0,Valid,Valid,"198,4","24,1","677,7","265,0","17,2","688,3","234,6","128,6","259,1","103,8","0,4826","0,4662","0,4696","0,4795","0,4957","0,4530",3415.0,Fixation,908.0,38.0,892.0,444.0,"0,4801","0,4718"
Eye Tracker,30.09.2020,14:54:28.720,0,903.0,427.0,857.0,472.0,949.0,382.0,"0,05342","0,15313","-0,98676","-0,00702","0,12583","-0,99203",0,0,Valid,Valid,"198,3","24,1","677,6","264,9","17,2","688,4","235,0","129,3","260,0","104,5","0,4833","0,4670","0,4700","0,4802","0,4967","0,4537",3415.0,Fixation,908.0,38.0,892.0,444.0,"0,4801","0,4718"
Eye Tracker,30.09.2020,14:54:28.720,0,903.0,427.0,857.0,472.0,949.0,382.0,"0,05335","0,15312","-0,98677","-0,00703","0,12586","-0,99202","3,28","3,27",Valid,Valid,"198,3","24,1","677,6","264,9","17,2","688,5","234,9","129,3","260,0","104,5","0,4833","0,4670","0,4699","0,4802","0,4967","0,4537",3415.0,Fixation,908.0,38.0,892.0,444.0,"0,4801","0,4718"
Eye Tracker,30.09.2020,14:54:28.720,0,901.0,435.0,852.0,489.0,950.0,381.0,"0,05145","0,15946","-0,98586","-0,00640","0,12546","-0,99208",0,0,Valid,Valid,"198,3","24,2","677,6","264,9","17,2","688,6","233,6","133,8","260,4","104,2","0,4828","0,4692","0,4685","0,4850","0,4971","0,4534",3415.0,Fixation,908.0,38.0,892.0,444.0,"0,4801","0,4718"
Eye Tracker,30.09.2020,14:54:28.720,0,898.0,450.0,857.0,490.0,940.0,410.0,"0,05314","0,15996","-0,98569","-0,01046","0,13659","-0,99057",0,0,Valid,Valid,"198,2","24,2","677,6","264,8","17,1","688,8","234,7","134,2","257,5","112,1","0,4819","0,4736","0,4697","0,4855","0,4940","0,4618",3415.0,Fixation,908.0,38.0,892.0,444.0,"0,4801","0,4718"
Eye Tracker,30.09.2020,14:54:28.720,0,907.0,439.0,859.0,490.0,955.0,387.0,"0,05427","0,15978","-0,98566","-0,00443","0,12804","-0,99176","3,34","3,36",Valid,Valid,"198,2","24,3","677,6","264,8","17,1","688,9","235,5","134,1","261,7","106,0","0,4845","0,4703","0,4705","0,4854","0,4985","0,4553",3415.0,Fixation,908.0,38.0,892.0,444.0,"0,4801","0,4718"
Eye Tracker,30.09.2020,14:54:28.720,0,906.0,443.0,856.0,491.0,957.0,395.0,"0,05290","0,16023","-0,98566","-0,00366","0,13090","-0,99139",0,0,Valid,Valid,"198,2","24,3","677,6","264,8","17,1","689,1","234,6","134,4","262,3","108,0","0,4843","0,4716","0,4695","0,4857","0,4991","0,4575",3415.0,Fixation,908.0,38.0,892.0,444.0,"0,4801","0,4718"
Eye Tracker,30.09.2020,14:54:28.720,0,892.0,432.0,847.0,450.0,937.0,413.0,"0,04966","0,14424","-0,98830","-0,01152","0,13783","-0,99039",0,0,Valid,Valid,"198,2","24,3","677,6","264,8","17,0","689,2","232,2","123,2","256,8","113,0","0,4801","0,4682","0,4670","0,4737","0,4932","0,4627",3415.0,Fixation,908.0,38.0,892.0,444.0,"0,4801","0,4718"
Eye Tracker,30.09.2020,14:54:28.720,0,894.0,426.0,853.0,450.0,935.0,402.0,"0,05207","0,14399","-0,98821","-0,01210","0,13373","-0,99094","3,24","3,37",Valid,Valid,"198,2","24,3","677,6","264,8","17,0","689,4","233,9","123,1","256,4","110,0","0,4808","0,4666","0,4688","0,4736","0,4928","0,4596",3415.0,Fixation,908.0,38.0,892.0,444.0,"0,4801","0,4718"
Eye Tracker,30.09.2020,14:54:28.720,0,895.0,443.0,858.0,483.0,931.0,403.0,"0,05385","0,15710","-0,98611","-0,01379","0,13391","-0,99090",0,0,Valid,Valid,"198,2","24,3","677,6","264,8","17,0","689,4","235,2","132,3","255,2","110,2","0,4809","0,4716","0,4702","0,4834","0,4916","0,4598",3415.0,Fixation,908.0,38.0,892.0,444.0,"0,4801","0,4718"
Eye Tracker,30.09.2020,14:54:28.720,0,894.0,450.0,857.0,493.0,931.0,408.0,"0,05334","0,16082","-0,98554","-0,01386","0,13587","-0,99063",0,0,Valid,Valid,"198,2","24,4","677,7","264,8","17,0","689,6","234,8","135,0","255,1","111,6","0,4806","0,4738","0,4698","0,4863","0,4915","0,4612",3415.0,Fixation,908.0,38.0,892.0,444.0,"0,4801","0,4718"
Eye Tracker,30.09.2020,14:54:28.720,0,892.0,455.0,856.0,498.0,927.0,413.0,"0,05292","0,16271","-0,98525","-0,01536","0,13790","-0,99033","3,32","3,33",Valid,Valid,"198,2","24,4","677,8","264,8","16,9","689,7","234,6","136,3","254,1","113,0","0,4800","0,4752","0,4695","0,4877","0,4904","0,4628",3415.0,Fixation,908.0,38.0,892.0,444.0,"0,4801","0,4718"
Eye Tracker,30.09.2020,14:54:28.720,0,893.0,436.0,855.0,502.0,930.0,371.0,"0,05248","0,16408","-0,98505","-0,01425","0,12168","-0,99247",0,0,Valid,Valid,"198,2","24,4","677,8","264,8","16,9","689,8","234,3","137,3","254,9","101,5","0,4803","0,4696","0,4692","0,4888","0,4913","0,4505",3415.0,Fixation,908.0,38.0,892.0,444.0,"0,4801","0,4718"
Eye Tracker,30.09.2020,14:54:28.720,0,892.0,437.0,858.0,497.0,927.0,376.0,"0,05362","0,16211","-0,98532","-0,01540","0,12381","-0,99219",0,0,Valid,Valid,"198,2","24,4","677,8","264,8","16,9","689,9","235,1","135,9","254,1","103,0","0,4802","0,4697","0,4700","0,4873","0,4904","0,4521",3415.0,Fixation,908.0,38.0,892.0,444.0,"0,4801","0,4718"
Eye Tracker,30.09.2020,14:54:28.720,0,893.0,442.0,860.0,490.0,925.0,394.0,"0,05449","0,15941","-0,98571","-0,01620","0,13074","-0,99128","3,28","3,31",Valid,Valid,"198,2","24,4","677,8","264,8","16,9","690,0","235,7","134,0","253,6","107,9","0,4802","0,4713","0,4707","0,4853","0,4898","0,4573",3415.0,Fixation,908.0,38.0,892.0,444.0,"0,4801","0,4718"
Eye Tracker,30.09.2020,14:54:28.720,0,901.0,434.0,863.0,489.0,939.0,379.0,"0,05567","0,15893","-0,98572","-0,01075","0,12470","-0,99214",0,0,Valid,Valid,"198,2","24,4","677,7","264,8","16,9","690,0","236,5","133,7","257,4","103,6","0,4827","0,4688","0,4716","0,4849","0,4939","0,4527",3415.0,Fixation,908.0,38.0,892.0,444.0,"0,4801","0,4718"
Eye Tracker,30.09.2020,14:54:28.720,0,896.0,445.0,862.0,487.0,930.0,403.0,"0,05533","0,15813","-0,98587","-0,01441","0,13429","-0,99084",0,0,Valid,Valid,"198,2","24,5","677,7","264,8","16,8","690,1","236,2","133,2","254,8","110,4","0,4812","0,4722","0,4713","0,4844","0,4911","0,4600",3415.0,Fixation,908.0,38.0,892.0,444.0,"0,4801","0,4718"
Eye Tracker,30.09.2020,14:54:28.720,0,894.0,448.0,858.0,484.0,930.0,413.0,"0,05377","0,15700","-0,98613","-0,01446","0,13814","-0,99031","3,27","3,37",Valid,Valid,"198,2","24,5","677,6","264,9","16,8","690,1","235,2","132,3","254,8","113,1","0,4806","0,4732","0,4702","0,4835","0,4911","0,4629",3415.0,Fixation,908.0,38.0,892.0,444.0,"0,4801","0,4718"
Eye Tracker,30.09.2020,14:54:28.720,0,890.0,447.0,858.0,480.0,923.0,414.0,"0,05353","0,15552","-0,98638","-0,01709","0,13850","-0,99022",0,0,Valid,Valid,"198,3","24,5","677,5","264,9","16,8","690,1","235,1","131,3","253,0","113,3","0,4796","0,4727","0,4700","0,4824","0,4892","0,4631",3415.0,Fixation,908.0,38.0,892.0,444.0,"0,4801","0,4718"
Eye Tracker,30.09.2020,14:54:28.720,0,888.0,434.0,849.0,486.0,926.0,382.0,"0,05011","0,15796","-0,98617","-0,01588","0,12622","-0,99188",0,0,Valid,Valid,"198,3","24,5","677,4","264,9","16,8","690,1","232,7","133,0","253,9","104,6","0,4788","0,4690","0,4675","0,4842","0,4901","0,4538",3415.0,Fixation,908.0,38.0,892.0,444.0,"0,4801","0,4718"
Eye Tracker,30.09.2020,14:54:28.720,0,885.0,424.0,845.0,465.0,926.0,382.0,"0,04839","0,14990","-0,98752","-0,01608","0,12620","-0,99188","3,34","3,40",Valid,Valid,"198,4","24,5","677,3","265,0","16,7","690,2","231,5","127,3","253,8","104,6","0,4782","0,4659","0,4663","0,4781","0,4900","0,4537",3415.0,Fixation,908.0,38.0,892.0,444.0,"0,4801","0,4718"
Eye Tracker,30.09.2020,14:54:28.720,0,878.0,435.0,838.0,464.0,917.0,407.0,"0,04563","0,14952","-0,98771","-0,01971","0,13565","-0,99056",0,0,Valid,Valid,"198,4","24,6","677,1","265,0","16,8","690,1","229,7","127,1","251,3","111,3","0,4758","0,4694","0,4643","0,4779","0,4874","0,4609",3415.0,Fixation,908.0,38.0,892.0,444.0,"0,4801","0,4718"
Eye Tracker,30.09.2020,14:54:28.720,0,884.0,429.0,852.0,453.0,917.0,405.0,"0,05114","0,14490","-0,98812","-0,01964","0,13498","-0,99065",0,0,Valid,Valid,"198,4","24,6","677,0","265,0","16,7","690,1","233,5","123,9","251,3","110,8","0,4779","0,4674","0,4683","0,4745","0,4874","0,4604",3415.0,Fixation,908.0,38.0,892.0,444.0,"0,4801","0,4718"
Eye Tracker,30.09.2020,14:54:28.720,0,890.0,439.0,859.0,480.0,921.0,399.0,"0,05363","0,15553","-0,98637","-0,01833","0,13268","-0,99099","3,27","3,36",Valid,Valid,"198,5","24,6","676,9","265,1","16,7","690,1","235,3","131,4","252,3","109,1","0,4794","0,4705","0,4703","0,4824","0,4885","0,4586",3415.0,Fixation,908.0,38.0,892.0,444.0,"0,4801","0,4718"
Eye Tracker,30.09.2020,14:54:28.720,0,896.0,448.0,870.0,485.0,922.0,411.0,"0,05787","0,15722","-0,98587","-0,01787","0,13750","-0,99034",0,0,Valid,Valid,"198,6","24,7","676,8","265,2","16,8","690,1","238,3","132,6","252,7","112,6","0,4812","0,4730","0,4735","0,4838","0,4889","0,4623",3415.0,Fixation,908.0,38.0,892.0,444.0,"0,4801","0,4718"
Eye Tracker,30.09.2020,14:54:28.720,0,894.0,450.0,860.0,501.0,928.0,399.0,"0,05389","0,16371","-0,98504","-0,01573","0,13271","-0,99103",0,0,Valid,Valid,"198,6","24,7","676,7","265,2","16,7","690,0","235,6","137,2","254,2","109,2","0,4806","0,4737","0,4706","0,4887","0,4905","0,4587",3415.0,Fixation,908.0,38.0,892.0,444.0,"0,4801","0,4718"
Eye Tracker,30.09.2020,14:54:28.720,0,893.0,450.0,857.0,503.0,930.0,397.0,"0,05255","0,16425","-0,98502","-0,01494","0,13192","-0,99115","3,31","3,42",Valid,Valid,"198,7","24,7","676,7","265,2","16,8","690,1","234,8","137,5","254,8","108,6","0,4804","0,4736","0,4697","0,4890","0,4912","0,4581",3415.0,Fixation,908.0,38.0,892.0,444.0,"0,4801","0,4718"
Eye Tracker,30.09.2020,14:54:28.720,0,890.0,448.0,852.0,512.0,927.0,384.0,"0,05074","0,16777","-0,98452","-0,01611","0,12676","-0,99180",0,0,Valid,Valid,"198,7","24,7","676,6","265,3","16,8","690,0","233,6","140,0","254,1","105,0","0,4794","0,4730","0,4685","0,4917","0,4904","0,4542",3415.0,Fixation,908.0,38.0,892.0,444.0,"0,4801","0,4718"
Eye Tracker,30.09.2020,14:54:28.720,0,888.0,450.0,853.0,501.0,923.0,399.0,"0,05122","0,16344","-0,98522","-0,01787","0,13251","-0,99102",0,0,Valid,Valid,"198,7","24,8","676,6","265,3","16,8","690,0","233,9","137,0","252,8","109,1","0,4789","0,4735","0,4688","0,4885","0,4890","0,4586",3415.0,Fixation,908.0,38.0,892.0,444.0,"0,4801","0,4718"
Eye Tracker,30.09.2020,14:54:28.720,0,889.0,459.0,858.0,508.0,919.0,411.0,"0,05311","0,16612","-0,98467","-0,01943","0,13717","-0,99036","3,37","3,46",Valid,Valid,"198,8","24,7","676,6","265,3","16,8","689,9","235,3","138,9","251,8","112,4","0,4791","0,4763","0,4703","0,4905","0,4879","0,4621",3415.0,Fixation,908.0,38.0,892.0,444.0,"0,4801","0,4718"
Eye Tracker,30.09.2020,14:54:28.720,0,887.0,432.0,850.0,478.0,924.0,387.0,"0,04971","0,15455","-0,98673","-0,01761","0,12801","-0,99162",0,0,Valid,Valid,"198,8","24,8","676,6","265,4","16,9","689,8","232,9","130,7","253,1","106,0","0,4785","0,4685","0,4677","0,4817","0,4893","0,4553",3415.0,Fixation,908.0,38.0,892.0,444.0,"0,4801","0,4718"
Eye Tracker,30.09.2020,14:54:28.720,0,891.0,434.0,857.0,485.0,925.0,382.0,"0,05264","0,15737","-0,98614","-0,01700","0,12611","-0,99187",0,0,Valid,Valid,"198,8","24,8","676,6","265,4","17,0","689,6","234,9","132,7","253,6","104,7","0,4799","0,4689","0,4699","0,4839","0,4898","0,4539",3415.0,Fixation,908.0,38.0,892.0,444.0,"0,4801","0,4718"
Eye Tracker,30.09.2020,14:54:28.720,0,888.0,445.0,857.0,485.0,919.0,406.0,"0,05236","0,15740","-0,98615","-0,01970","0,13495","-0,99066","3,37","3,41",Valid,Valid,"198,9","24,7","676,6","265,4","17,1","689,5","234,8","132,8","251,7","111,0","0,4788","0,4723","0,4698","0,4839","0,4878","0,4607",3415.0,Fixation,908.0,38.0,892.0,444.0,"0,4801","0,4718"
Eye Tracker,30.09.2020,14:54:28.720,0,889.0,450.0,859.0,506.0,918.0,395.0,"0,05315","0,16545","-0,98478","-0,02005","0,13075","-0,99121",0,0,Valid,Valid,"199,0","24,8","676,6","265,5","17,2","689,3","235,5","138,4","251,6","108,1","0,4791","0,4738","0,4705","0,4900","0,4877","0,4576",3415.0,Fixation,908.0,38.0,892.0,444.0,"0,4801","0,4718"
Eye Tracker,30.09.2020,14:54:28.720,0,885.0,456.0,851.0,510.0,919.0,403.0,"0,04989","0,16691","-0,98471","-0,01978","0,13365","-0,99083",0,0,Valid,Valid,"199,0","24,8","676,7","265,5","17,3","689,1","233,3","139,5","251,8","110,3","0,4780","0,4755","0,4681","0,4911","0,4879","0,4598",3415.0,Fixation,908.0,38.0,892.0,444.0,"0,4801","0,4718"
Eye Tracker,30.09.2020,14:54:28.720,0,887.0,453.0,848.0,503.0,925.0,402.0,"0,04865","0,16457","-0,98517","-0,01732","0,13336","-0,99092","3,29","3,45",Valid,Valid,"199,1","24,7","676,8","265,6","17,4","688,9","232,5","137,8","253,6","110,1","0,4785","0,4745","0,4673","0,4893","0,4898","0,4597",3415.0,Fixation,908.0,38.0,892.0,444.0,"0,4801","0,4718"
Eye Tracker,30.09.2020,14:54:28.720,0,884.0,457.0,841.0,498.0,927.0,416.0,"0,04570","0,16251","-0,98565","-0,01687","0,13843","-0,99023",0,0,Valid,Valid,"199,1","24,7","676,8","265,7","17,6","688,7","230,5","136,3","254,0","113,8","0,4777","0,4757","0,4652","0,4877","0,4902","0,4637",3415.0,Fixation,908.0,38.0,892.0,444.0,"0,4801","0,4718"
0,30.09.2020,14:54:28.720,Photo2,0.0,0.0,0.0,0.0,0.0,0.0,0,0,0,0,0,0,0,0,0,0,0,0,0,0,0,0,0,0,0,0,0,0,0,0,0,0,0.0,Fixation,908.0,38.0,892.0,444.0,"0,4646","0,4109"
0,30.09.2020,14:54:28.720,Photo3,0.0,0.0,0.0,0.0,0.0,0.0,0,0,0,0,0,0,0,0,0,0,0,0,0,0,0,0,0,0,0,0,0,0,0,0,0,0,0.0,Fixation,908.0,38.0,892.0,444.0,"0,4646","0,4109"
Eye Tracker,30.09.2020,14:54:28.720,0,880.0,458.0,842.0,496.0,917.0,419.0,"0,04604","0,16161","-0,98578","-0,02063","0,13966","-0,98998",0,0,Valid,Valid,"199,2","24,7","676,9","265,7","17,7","688,5","230,8","135,7","251,4","114,8","0,4581","0,4238","0,4386","0,4592","0,4777","0,3883",1080.0,Fixation,908.0,38.0,892.0,444.0,"0,4646","0,4109"
Eye Tracker,30.09.2020,14:54:28.720,0,877.0,462.0,839.0,500.0,914.0,424.0,"0,04481","0,16321","-0,98557","-0,02185","0,14125","-0,98973","3,38","3,46",Valid,Valid,"199,2","24,7","677,0","265,8","17,7","688,3","230,0","136,8","250,6","116,0","0,4567","0,4276","0,4371","0,4629","0,4762","0,3924",1080.0,Fixation,908.0,38.0,892.0,444.0,"0,4646","0,4109"
Eye Tracker,30.09.2020,14:54:28.720,0,876.0,454.0,841.0,486.0,911.0,422.0,"0,04560","0,15796","-0,98639","-0,02312","0,14053","-0,98981",0,0,Valid,Valid,"199,3","24,7","677,0","265,9","17,9","688,1","230,6","133,1","249,8","115,5","0,4564","0,4206","0,4382","0,4503","0,4747","0,3909",1080.0,Fixation,908.0,38.0,892.0,444.0,"0,4646","0,4109"
Eye Tracker,30.09.2020,14:54:28.720,0,877.0,437.0,845.0,484.0,909.0,391.0,"0,04690","0,15691","-0,98650","-0,02428","0,12825","-0,99145",0,0,Valid,Valid,"199,3","24,7","677,1","265,9","17,9","687,9","231,5","132,4","249,0","106,9","0,4566","0,4048","0,4399","0,4479","0,4732","0,3617",1080.0,Fixation,908.0,38.0,892.0,444.0,"0,4646","0,4109"
Eye Tracker,30.09.2020,14:54:28.720,0,880.0,447.0,852.0,504.0,909.0,391.0,"0,04952","0,16466","-0,98511","-0,02435","0,12821","-0,99145","3,31","3,49",Valid,Valid,"199,4","24,6","677,2","265,9","17,9","687,8","233,4","137,8","249,0","106,9","0,4584","0,4140","0,4435","0,4663","0,4732","0,3617",1080.0,Fixation,908.0,38.0,892.0,444.0,"0,4646","0,4109"
Eye Tracker,30.09.2020,14:54:28.720,0,883.0,460.0,847.0,491.0,918.0,429.0,"0,04783","0,15993","-0,98597","-0,02067","0,14306","-0,98950",0,0,Valid,Valid,"199,4","24,6","677,2","266,0","18,0","687,7","232,3","134,4","251,6","117,4","0,4598","0,4260","0,4414","0,4548","0,4781","0,3973",1080.0,Fixation,908.0,38.0,892.0,444.0,"0,4646","0,4109"
Eye Tracker,30.09.2020,14:54:28.720,0,889.0,455.0,853.0,483.0,924.0,427.0,"0,05016","0,15666","-0,98638","-0,01827","0,14221","-0,98967",0,0,Valid,Valid,"199,4","24,6","677,3","266,0","18,0","687,7","233,8","132,1","253,3","116,8","0,4628","0,4212","0,4444","0,4470","0,4813","0,3953",1080.0,Fixation,908.0,38.0,892.0,444.0,"0,4646","0,4109"
Eye Tracker,30.09.2020,14:54:28.720,0,883.0,453.0,851.0,486.0,916.0,420.0,"0,04903","0,15813","-0,98620","-0,02168","0,13950","-0,98998","3,36","3,47",Valid,Valid,"199,4","24,5","677,4","266,0","18,0","687,7","233,1","133,1","250,9","114,9","0,4599","0,4196","0,4430","0,4503","0,4769","0,3888",1080.0,Fixation,908.0,38.0,892.0,444.0,"0,4646","0,4109"
Eye Tracker,30.09.2020,14:54:28.720,0,889.0,461.0,857.0,504.0,920.0,418.0,"0,05156","0,16515","-0,98492","-0,01987","0,13894","-0,99010",0,0,Valid,Valid,"199,4","24,4","677,4","266,0","18,0","687,6","234,9","138,0","252,2","114,5","0,4629","0,4272","0,4464","0,4670","0,4793","0,3875",1080.0,Fixation,908.0,38.0,892.0,444.0,"0,4646","0,4109"
Eye Tracker,30.09.2020,14:54:28.720,0,886.0,461.0,852.0,509.0,919.0,413.0,"0,04964","0,16701","-0,98471","-0,02027","0,13688","-0,99038",0,0,Valid,Valid,"199,4","24,4","677,5","266,0","18,0","687,6","233,6","139,3","251,9","113,0","0,4613","0,4269","0,4439","0,4714","0,4788","0,3825",1080.0,Fixation,908.0,38.0,892.0,444.0,"0,4646","0,4109"
Eye Tracker,30.09.2020,14:54:28.720,0,884.0,460.0,848.0,506.0,919.0,413.0,"0,04791","0,16589","-0,98498","-0,02032","0,13690","-0,99038","3,33","3,49",Valid,Valid,"199,5","24,3","677,6","266,1","18,0","687,7","232,4","138,5","251,9","113,0","0,4602","0,4255","0,4417","0,4685","0,4788","0,3825",1080.0,Fixation,908.0,38.0,892.0,444.0,"0,4646","0,4109"
Eye Tracker,30.09.2020,14:54:28.720,0,878.0,452.0,839.0,492.0,918.0,412.0,"0,04440","0,16040","-0,98605","-0,02103","0,13634","-0,99044",0,0,Valid,Valid,"199,5","24,3","677,6","266,1","18,0","687,7","230,0","134,5","251,5","112,6","0,4575","0,4181","0,4371","0,4552","0,4779","0,3811",1080.0,Fixation,908.0,38.0,892.0,444.0,"0,4646","0,4109"
Eye Tracker,30.09.2020,14:54:28.720,0,881.0,453.0,841.0,490.0,922.0,417.0,"0,04500","0,15970","-0,98614","-0,01923","0,13850","-0,99018",0,0,Valid,Valid,"199,4","24,3","677,7","266,1","17,9","687,7","230,4","134,0","252,7","114,1","0,4590","0,4198","0,4378","0,4535","0,4802","0,3862",1080.0,Fixation,908.0,38.0,892.0,444.0,"0,4646","0,4109"
Eye Tracker,30.09.2020,14:54:28.720,0,884.0,456.0,844.0,491.0,925.0,421.0,"0,04612","0,16026","-0,98600","-0,01812","0,13988","-0,99000","3,37","3,52",Valid,Valid,"199,5","24,2","677,8","266,1","17,9","687,8","231,2","134,4","253,5","115,1","0,4605","0,4221","0,4393","0,4547","0,4818","0,3894",1080.0,Fixation,908.0,38.0,892.0,444.0,"0,4646","0,4109"
Eye Tracker,30.09.2020,14:54:28.720,0,889.0,445.0,848.0,501.0,930.0,390.0,"0,04780","0,16403","-0,98530","-0,01626","0,12792","-0,99165",0,0,Valid,Valid,"199,5","24,2","677,8","266,1","17,9","687,8","232,4","137,0","254,8","106,6","0,4630","0,4122","0,4416","0,4637","0,4843","0,3608",1080.0,Fixation,908.0,38.0,892.0,444.0,"0,4646","0,4109"
Eye Tracker,30.09.2020,14:54:28.720,0,889.0,459.0,849.0,505.0,928.0,414.0,"0,04828","0,16552","-0,98502","-0,01689","0,13731","-0,99038",0,0,Valid,Valid,"199,5","24,2","677,9","266,1","17,9","687,9","232,7","138,1","254,4","113,3","0,4628","0,4252","0,4422","0,4673","0,4834","0,3832",1080.0,Fixation,908.0,38.0,892.0,444.0,"0,4646","0,4109"
Eye Tracker,30.09.2020,14:54:28.720,0,890.0,446.0,851.0,480.0,930.0,412.0,"0,04920","0,15612","-0,98651","-0,01633","0,13649","-0,99051","3,45","3,49",Valid,Valid,"199,5","24,2","678,0","266,1","17,9","688,0","233,3","131,5","254,8","112,7","0,4638","0,4130","0,4434","0,4448","0,4842","0,3812",1080.0,Fixation,908.0,38.0,892.0,444.0,"0,4646","0,4109"
Eye Tracker,30.09.2020,14:54:28.720,0,888.0,443.0,852.0,478.0,925.0,409.0,"0,04936","0,15501","-0,98668","-0,01816","0,13534","-0,99063",0,0,Valid,Valid,"199,5","24,2","678,0","266,2","17,9","688,0","233,4","130,7","253,5","111,9","0,4627","0,4103","0,4436","0,4421","0,4818","0,3785",1080.0,Fixation,908.0,38.0,892.0,444.0,"0,4646","0,4109"
Eye Tracker,30.09.2020,14:54:28.720,0,885.0,444.0,850.0,478.0,920.0,410.0,"0,04890","0,15528","-0,98666","-0,02026","0,13598","-0,99050",0,0,Valid,Valid,"199,5","24,2","678,0","266,1","17,9","688,1","233,1","130,9","252,0","112,3","0,4610","0,4115","0,4429","0,4430","0,4790","0,3801",1080.0,Fixation,908.0,38.0,892.0,444.0,"0,4646","0,4109"
Eye Tracker,30.09.2020,14:54:28.720,0,881.0,456.0,845.0,499.0,917.0,412.0,"0,04661","0,16321","-0,98549","-0,02134","0,13673","-0,99038","3,32","3,47",Valid,Valid,"199,5","24,2","678,0","266,1","17,9","688,2","231,6","136,5","251,3","112,9","0,4588","0,4219","0,4401","0,4619","0,4776","0,3819",1080.0,Fixation,908.0,38.0,892.0,444.0,"0,4646","0,4109"
Eye Tracker,30.09.2020,14:54:28.720,0,886.0,445.0,855.0,476.0,916.0,414.0,"0,05082","0,15429","-0,98672","-0,02167","0,13727","-0,99030",0,0,Valid,Valid,"199,5","24,3","678,0","266,2","17,9","688,2","234,4","130,3","251,1","113,3","0,4614","0,4120","0,4455","0,4408","0,4772","0,3833",1080.0,Fixation,908.0,38.0,892.0,444.0,"0,4646","0,4109"
Eye Tracker,30.09.2020,14:54:28.720,0,888.0,453.0,857.0,491.0,919.0,414.0,"0,05138","0,15984","-0,98581","-0,02050","0,13748","-0,99029",0,0,Valid,Valid,"199,5","24,3","677,9","266,1","17,9","688,3","234,8","134,3","251,9","113,4","0,4625","0,4190","0,4462","0,4542","0,4787","0,3838",1080.0,Fixation,908.0,38.0,892.0,444.0,"0,4646","0,4109"
Eye Tracker,30.09.2020,14:54:28.720,0,895.0,457.0,863.0,497.0,927.0,417.0,"0,05392","0,16217","-0,98529","-0,01760","0,13848","-0,99021","3,41","3,50",Valid,Valid,"199,5","24,3","677,9","266,2","17,9","688,3","236,6","135,9","253,9","114,1","0,4661","0,4230","0,4497","0,4599","0,4826","0,3862",1080.0,Fixation,908.0,38.0,892.0,444.0,"0,4646","0,4109"
Eye Tracker,30.09.2020,14:54:28.720,0,903.0,452.0,861.0,503.0,945.0,401.0,"0,05303","0,16448","-0,98495","-0,01057","0,13211","-0,99118",0,0,Valid,Valid,"199,6","24,4","677,8","266,2","17,9","688,3","236,0","137,6","258,9","109,6","0,4703","0,4182","0,4486","0,4654","0,4919","0,3710",1080.0,Fixation,908.0,38.0,892.0,444.0,"0,4646","0,4109"
Eye Tracker,30.09.2020,14:54:28.720,0,895.0,456.0,856.0,496.0,934.0,416.0,"0,05089","0,16194","-0,98549","-0,01459","0,13792","-0,99034",0,0,Valid,Valid,"199,5","24,4","677,7","266,2","17,9","688,4","234,5","135,8","256,1","113,7","0,4662","0,4222","0,4457","0,4595","0,4866","0,3849",1080.0,Fixation,908.0,38.0,892.0,444.0,"0,4646","0,4109"
Eye Tracker,30.09.2020,14:54:28.720,0,892.0,457.0,854.0,498.0,931.0,416.0,"0,05025","0,16259","-0,98541","-0,01608","0,13819","-0,99028","3,44","3,49",Valid,Valid,"199,6","24,5","677,6","266,2","17,9","688,4","234,1","136,3","255,1","113,9","0,4648","0,4233","0,4450","0,4611","0,4847","0,3855",1080.0,Fixation,908.0,38.0,892.0,444.0,"0,4646","0,4109"
Eye Tracker,30.09.2020,14:54:28.720,0,887.0,453.0,853.0,494.0,921.0,412.0,"0,04967","0,16095","-0,98571","-0,02000","0,13646","-0,99044",0,0,Valid,Valid,"199,6","24,5","677,5","266,3","17,9","688,4","233,8","135,1","252,4","112,7","0,4619","0,4194","0,4443","0,4572","0,4796","0,3815",1080.0,Fixation,908.0,38.0,892.0,444.0,"0,4646","0,4109"
Eye Tracker,30.09.2020,14:54:28.720,0,886.0,452.0,851.0,510.0,920.0,394.0,"0,04890","0,16724","-0,98470","-0,02038","0,12934","-0,99139",0,0,Valid,Valid,"199,6","24,6","677,4","266,3","17,9","688,4","233,3","139,6","252,1","107,7","0,4612","0,4184","0,4433","0,4725","0,4791","0,3644",1080.0,Fixation,908.0,38.0,892.0,444.0,"0,4646","0,4109"
Eye Tracker,30.09.2020,14:54:28.720,0,886.0,446.0,851.0,499.0,921.0,394.0,"0,04890","0,16277","-0,98545","-0,02005","0,12938","-0,99139","3,30","3,45",Valid,Valid,"199,7","24,6","677,3","266,3","17,9","688,4","233,3","136,5","252,4","107,7","0,4615","0,4131","0,4433","0,4618","0,4796","0,3645",1080.0,Fixation,908.0,38.0,892.0,444.0,"0,4646","0,4109"
Eye Tracker,30.09.2020,14:54:28.720,0,893.0,450.0,858.0,505.0,928.0,394.0,"0,05140","0,16533","-0,98490","-0,01720","0,12962","-0,99141",0,0,Valid,Valid,"199,7","24,7","677,1","266,3","17,9","688,4","235,0","138,3","254,4","107,9","0,4650","0,4166","0,4467","0,4680","0,4834","0,3651",1080.0,Fixation,908.0,38.0,892.0,444.0,"0,4646","0,4109"
Eye Tracker,30.09.2020,14:54:28.720,0,891.0,464.0,853.0,505.0,930.0,424.0,"0,04964","0,16509","-0,98503","-0,01652","0,14094","-0,98988",0,0,Valid,Valid,"199,7","24,7","677,0","266,3","17,9","688,3","233,8","138,2","254,8","115,9","0,4643","0,4299","0,4443","0,4676","0,4842","0,3922",1080.0,Fixation,908.0,38.0,892.0,444.0,"0,4646","0,4109"
Eye Tracker,30.09.2020,14:54:28.720,0,889.0,469.0,855.0,511.0,923.0,426.0,"0,05039","0,16753","-0,98458","-0,01936","0,14199","-0,98968","3,33","3,45",Valid,Valid,"199,7","24,7","677,0","266,3","17,9","688,3","234,4","139,9","252,8","116,6","0,4629","0,4340","0,4454","0,4734","0,4805","0,3947",1080.0,Fixation,908.0,38.0,892.0,444.0,"0,4646","0,4109"
Eye Tracker,30.09.2020,14:54:28.720,0,895.0,459.0,856.0,517.0,935.0,401.0,"0,05075","0,16994","-0,98415","-0,01467","0,13224","-0,99111",0,0,Valid,Valid,"199,7","24,7","676,9","266,3","17,9","688,3","234,6","141,6","256,1","109,7","0,4663","0,4252","0,4458","0,4790","0,4867","0,3713",1080.0,Fixation,908.0,38.0,892.0,444.0,"0,4646","0,4109"
Eye Tracker,30.09.2020,14:54:28.720,0,887.0,477.0,853.0,524.0,922.0,430.0,"0,04950","0,17256","-0,98375","-0,01965","0,14350","-0,98946",0,0,Valid,Valid,"199,7","24,7","676,9","266,3","17,9","688,2","233,7","143,4","252,6","117,7","0,4621","0,4417","0,4442","0,4853","0,4800","0,3982",1080.0,Fixation,908.0,38.0,892.0,444.0,"0,4646","0,4109"
Eye Tracker,30.09.2020,14:54:28.720,0,890.0,480.0,856.0,530.0,925.0,430.0,"0,05084","0,17509","-0,98324","-0,01848","0,14369","-0,98945","3,33","3,44",Valid,Valid,"199,7","24,6","677,0","266,3","17,8","688,2","234,7","145,2","253,4","117,8","0,4637","0,4449","0,4459","0,4912","0,4816","0,3985",1080.0,Fixation,908.0,38.0,892.0,444.0,"0,4646","0,4109"
Eye Tracker,30.09.2020,14:54:28.720,0,895.0,464.0,854.0,500.0,935.0,428.0,"0,05017","0,16331","-0,98530","-0,01435","0,14258","-0,98968",0,0,Valid,Valid,"199,7","24,6","677,0","266,3","17,9","688,1","234,2","136,8","256,3","117,0","0,4661","0,4293","0,4450","0,4628","0,4871","0,3958",1080.0,Saccade,33.0,106.0,0.0,0.0,0,0
Eye Tracker,30.09.2020,14:54:28.720,0,926.0,466.0,893.0,515.0,958.0,416.0,"0,06524","0,16923","-0,98341","-0,00541","0,13831","-0,99037",0,0,Valid,Valid,"199,8","24,5","677,1","266,4","17,8","688,1","244,7","141,0","262,6","113,9","0,4820","0,4313","0,4650","0,4772","0,4991","0,3855",1080.0,Saccade,33.0,106.0,0.0,0.0,0,0
Eye Tracker,30.09.2020,14:54:28.720,0,962.0,447.0,923.0,504.0,1000.0,390.0,"0,07717","0,16478","-0,98331","0,01111","0,12797","-0,99172","3,26","3,33",Valid,Valid,"199,9","24,4","677,2","266,5","17,8","688,1","253,0","137,9","274,2","106,6","0,5009","0,4136","0,4808","0,4666","0,5210","0,3606",1080.0,Saccade,33.0,106.0,0.0,0.0,0,0
Eye Tracker,30.09.2020,14:54:28.720,0,990.0,434.0,954.0,489.0,1026.0,378.0,"0,08955","0,15899","-0,98321","0,02123","0,12346","-0,99212",0,0,Valid,Valid,"199,9","24,4","677,3","266,5","17,8","688,1","261,6","133,9","281,2","103,4","0,5157","0,4015","0,4971","0,4530","0,5344","0,3499",1080.0,Saccade,33.0,106.0,0.0,0.0,0,0
Eye Tracker,30.09.2020,14:54:28.720,0,992.0,441.0,958.0,492.0,1026.0,390.0,"0,09100","0,15997","-0,98292","0,02127","0,12828","-0,99151",0,0,Valid,Valid,"199,8","24,3","677,5","266,4","17,8","688,2","262,6","134,6","281,2","106,8","0,5167","0,4084","0,4989","0,4553","0,5344","0,3614",1080.0,Fixation,167.0,39.0,996.0,433.0,"0,5189","0,4007"
Eye Tracker,30.09.2020,14:54:28.720,0,986.0,446.0,954.0,497.0,1018.0,395.0,"0,08944","0,16195","-0,98274","0,01815","0,13020","-0,99132","3,29","3,29",Valid,Valid,"199,8","24,2","677,7","266,5","17,7","688,2","261,5","135,9","279,1","108,1","0,5137","0,4128","0,4970","0,4598","0,5303","0,3659",1080.0,Fixation,167.0,39.0,996.0,433.0,"0,5189","0,4007"
Eye Tracker,30.09.2020,14:54:28.720,0,983.0,443.0,951.0,500.0,1016.0,385.0,"0,08812","0,16332","-0,98263","0,01705","0,12640","-0,99183",0,0,Valid,Valid,"199,8","24,1","677,9","266,5","17,7","688,3","260,6","136,8","278,3","105,5","0,5121","0,4098","0,4953","0,4629","0,5289","0,3568",1080.0,Fixation,167.0,39.0,996.0,433.0,"0,5189","0,4007"
Eye Tracker,30.09.2020,14:54:28.720,0,990.0,421.0,961.0,460.0,1019.0,382.0,"0,09234","0,14783","-0,98469","0,01864","0,12522","-0,99195",0,0,Valid,Valid,"199,8","24,1","678,1","266,5","17,7","688,4","263,4","125,9","279,4","104,6","0,5158","0,3899","0,5005","0,4260","0,5310","0,3539",1080.0,Fixation,167.0,39.0,996.0,433.0,"0,5189","0,4007"
Eye Tracker,30.09.2020,14:54:28.720,0,992.0,439.0,959.0,488.0,1026.0,389.0,"0,09141","0,15870","-0,98309","0,02104","0,12796","-0,99156","3,22","3,31",Valid,Valid,"199,8","24,0","678,2","266,5","17,6","688,5","262,9","133,5","281,1","106,5","0,5169","0,4060","0,4996","0,4517","0,5342","0,3603",1080.0,Fixation,167.0,39.0,996.0,433.0,"0,5189","0,4007"
Eye Tracker,30.09.2020,14:54:28.720,0,996.0,437.0,956.0,493.0,1036.0,381.0,"0,09015","0,16093","-0,98284","0,02515","0,12469","-0,99188",0,0,Valid,Valid,"199,9","24,0","678,3","266,5","17,6","688,6","262,1","135,1","284,0","104,2","0,5189","0,4048","0,4980","0,4569","0,5397","0,3526",1080.0,Fixation,167.0,39.0,996.0,433.0,"0,5189","0,4007"
Eye Tracker,30.09.2020,14:54:28.720,0,999.0,435.0,953.0,495.0,1044.0,375.0,"0,08901","0,16148","-0,98285","0,02841","0,12259","-0,99205",0,0,Valid,Valid,"199,8","24,0","678,4","266,5","17,6","688,6","261,2","135,4","286,2","102,7","0,5202","0,4029","0,4965","0,4582","0,5440","0,3476",1080.0,Fixation,167.0,39.0,996.0,433.0,"0,5189","0,4007"
Eye Tracker,30.09.2020,14:54:28.720,0,993.0,450.0,954.0,505.0,1031.0,395.0,"0,08939","0,16539","-0,98217","0,02290","0,13036","-0,99120","3,21","3,20",Valid,Valid,"199,8","23,9","678,5","266,6","17,6","688,7","261,6","138,2","282,5","108,2","0,5170","0,4168","0,4971","0,4675","0,5368","0,3661",1080.0,Fixation,167.0,39.0,996.0,433.0,"0,5189","0,4007"
Eye Tracker,30.09.2020,14:54:28.720,0,998.0,426.0,952.0,488.0,1045.0,365.0,"0,08866","0,15870","-0,98334","0,02841","0,11853","-0,99254",0,0,Valid,Valid,"199,9","23,9","678,5","266,6","17,7","688,6","261,0","133,4","286,3","99,9","0,5200","0,3948","0,4961","0,4515","0,5440","0,3381",1080.0,Fixation,167.0,39.0,996.0,433.0,"0,5189","0,4007"
Eye Tracker,30.09.2020,14:54:28.720,0,998.0,429.0,958.0,490.0,1038.0,368.0,"0,09084","0,15943","-0,98302","0,02588","0,11977","-0,99246",0,0,Valid,Valid,"199,8","24,0","678,5","266,5","17,7","688,5","262,5","134,0","284,5","100,8","0,5198","0,3973","0,4989","0,4534","0,5406","0,3412",1080.0,Fixation,167.0,39.0,996.0,433.0,"0,5189","0,4007"
Eye Tracker,30.09.2020,14:54:28.720,0,993.0,429.0,955.0,474.0,1031.0,384.0,"0,08971","0,15324","-0,98411","0,02318","0,12576","-0,99179","3,11","3,16",Valid,Valid,"199,9","24,0","678,5","266,6","17,8","688,5","261,7","129,6","282,7","105,1","0,5173","0,3970","0,4973","0,4385","0,5372","0,3555",1080.0,Fixation,167.0,39.0,996.0,433.0,"0,5189","0,4007"
Eye Tracker,30.09.2020,14:54:28.720,0,999.0,436.0,966.0,492.0,1032.0,380.0,"0,09375","0,16041","-0,98259","0,02321","0,12419","-0,99199",0,0,Valid,Valid,"199,9","24,0","678,4","266,6","17,9","688,3","264,6","134,7","282,7","104,0","0,5201","0,4040","0,5029","0,4559","0,5372","0,3520",1080.0,Fixation,167.0,39.0,996.0,433.0,"0,5189","0,4007"
Eye Tracker,30.09.2020,14:54:28.720,0,1002.0,437.0,968.0,487.0,1036.0,387.0,"0,09469","0,15837","-0,98283","0,02510","0,12682","-0,99161",0,0,Valid,Valid,"199,9","24,1","678,3","266,6","18,0","688,2","265,2","133,4","284,0","106,0","0,5218","0,4049","0,5040","0,4512","0,5397","0,3585",1080.0,Fixation,167.0,39.0,996.0,433.0,"0,5189","0,4007"
Eye Tracker,30.09.2020,14:54:28.720,0,1004.0,433.0,977.0,490.0,1032.0,376.0,"0,09831","0,15918","-0,98234","0,02332","0,12251","-0,99219","3,03","3,06",Valid,Valid,"199,9","24,1","678,3","266,6","18,0","688,0","267,8","134,0","282,8","103,0","0,5231","0,4009","0,5089","0,4533","0,5374","0,3484",1080.0,Fixation,167.0,39.0,996.0,433.0,"0,5189","0,4007"
Eye Tracker,30.09.2020,14:54:28.720,0,1000.0,435.0,974.0,491.0,1027.0,378.0,"0,09713","0,15970","-0,98238","0,02121","0,12324","-0,99215",0,0,Valid,Valid,"199,9","24,1","678,2","266,6","18,1","687,8","267,0","134,4","281,3","103,6","0,5210","0,4026","0,5074","0,4547","0,5346","0,3504",1080.0,Fixation,167.0,39.0,996.0,433.0,"0,5189","0,4007"
Eye Tracker,30.09.2020,14:54:28.720,0,997.0,436.0,968.0,496.0,1026.0,377.0,"0,09481","0,16145","-0,98232","0,02110","0,12246","-0,99225",0,0,Valid,Valid,"199,9","24,2","678,1","266,6","18,2","687,6","265,4","135,7","281,2","103,1","0,5194","0,4039","0,5043","0,4590","0,5344","0,3487",1080.0,Fixation,167.0,39.0,996.0,433.0,"0,5189","0,4007"
Eye Tracker,30.09.2020,14:54:28.720,0,994.0,432.0,963.0,475.0,1025.0,388.0,"0,09269","0,15355","-0,98378","0,02071","0,12679","-0,99171","3,15","3,12",Valid,Valid,"200,0","24,2","678,1","266,6","18,3","687,5","263,9","130,0","281,0","106,2","0,5177","0,3996","0,5015","0,4400","0,5340","0,3593",1080.0,Fixation,167.0,39.0,996.0,433.0,"0,5189","0,4007"
Eye Tracker,30.09.2020,14:54:28.720,0,996.0,422.0,965.0,464.0,1027.0,380.0,"0,09352","0,14931","-0,98436","0,02136","0,12356","-0,99211",0,0,Valid,Valid,"200,0","24,3","678,0","266,7","18,4","687,3","264,4","127,1","281,5","104,0","0,5187","0,3909","0,5025","0,4300","0,5349","0,3518",1080.0,Fixation,167.0,39.0,996.0,433.0,"0,5189","0,4007"
Eye Tracker,30.09.2020,14:54:28.720,0,1001.0,413.0,971.0,457.0,1032.0,368.0,"0,09606","0,14642","-0,98455","0,02321","0,11889","-0,99264",0,0,Valid,Valid,"200,0","24,3","677,9","266,6","18,4","687,2","266,1","125,1","282,7","100,7","0,5215","0,3821","0,5057","0,4234","0,5373","0,3408",1080.0,Fixation,167.0,39.0,996.0,433.0,"0,5189","0,4007"
Eye Tracker,30.09.2020,14:54:28.720,0,1004.0,412.0,973.0,457.0,1036.0,368.0,"0,09665","0,14633","-0,98450","0,02496","0,11870","-0,99262","3,19","3,07",Valid,Valid,"200,0","24,3","677,9","266,7","18,5","687,1","266,6","125,1","283,9","100,6","0,5231","0,3818","0,5066","0,4231","0,5396","0,3405",1080.0,Fixation,167.0,39.0,996.0,433.0,"0,5189","0,4007"
Eye Tracker,30.09.2020,14:54:28.720,0,990.0,429.0,964.0,443.0,1015.0,414.0,"0,09343","0,14092","-0,98560","0,01657","0,13673","-0,99047",0,0,Valid,Valid,"200,0","24,4","677,9","266,6","18,6","687,0","264,3","121,3","278,1","113,4","0,5154","0,3971","0,5022","0,4104","0,5285","0,3837",1080.0,Saccade,42.0,107.0,0.0,0.0,0,0
Eye Tracker,30.09.2020,14:54:28.720,0,980.0,479.0,945.0,544.0,1015.0,414.0,"0,08518","0,17977","-0,98001","0,01684","0,13646","-0,99050",0,0,Valid,Valid,"200,0","24,5","677,9","266,5","18,7","686,9","258,9","148,9","278,2","113,4","0,5103","0,4436","0,4920","0,5038","0,5286","0,3835",1080.0,Saccade,42.0,107.0,0.0,0.0,0,0
Eye Tracker,30.09.2020,14:54:28.720,0,972.0,527.0,939.0,562.0,1004.0,492.0,"0,08264","0,18660","-0,97895","0,01274","0,16628","-0,98600","3,14","3,20",Valid,Valid,"200,0","24,6","678,0","266,4","19,0","686,7","257,3","153,8","275,3","134,8","0,5060","0,4882","0,4889","0,5205","0,5231","0,4559",1080.0,Saccade,42.0,107.0,0.0,0.0,0,0
Eye Tracker,30.09.2020,14:54:28.720,0,970.0,610.0,943.0,659.0,997.0,560.0,"0,08355","0,22309","-0,97121","0,01000","0,19194","-0,98136",0,0,Valid,Valid,"200,0","24,6","678,1","266,4","19,1","686,5","258,4","180,4","273,4","153,4","0,5053","0,5647","0,4910","0,6104","0,5195","0,5189",1080.0,Saccade,42.0,107.0,0.0,0.0,0,0
Eye Tracker,30.09.2020,14:54:28.720,0,979.0,637.0,955.0,674.0,1003.0,600.0,"0,08834","0,22843","-0,96955","0,01198","0,20687","-0,97829",0,0,Valid,Valid,"200,0","24,6","678,2","266,4","19,2","686,3","261,8","184,4","274,8","164,3","0,5098","0,5899","0,4974","0,6240","0,5222","0,5559",1080.0,Saccade,42.0,107.0,0.0,0.0,0,0
Eye Tracker,30.09.2020,14:54:28.720,0,982.0,638.0,955.0,674.0,1010.0,603.0,"0,08817","0,22852","-0,96954","0,01500","0,20776","-0,97806","3,16","3,11",Valid,Valid,"199,9","24,6","678,4","266,4","19,2","686,3","261,6","184,4","276,9","165,0","0,5117","0,5911","0,4972","0,6241","0,5262","0,5582",1080.0,Fixation,500.0,40.0,977.0,648.0,"0,5089","0,6000"
Eye Tracker,30.09.2020,14:54:28.720,0,969.0,653.0,930.0,707.0,1008.0,599.0,"0,07828","0,24110","-0,96734","0,01407","0,20637","-0,97837",0,0,Valid,Valid,"199,9","24,5","678,4","266,4","19,2","686,2","254,8","193,6","276,3","163,9","0,5046","0,6049","0,4843","0,6551","0,5250","0,5547",1080.0,Fixation,500.0,40.0,977.0,648.0,"0,5089","0,6000"
Eye Tracker,30.09.2020,14:54:28.720,0,968.0,625.0,935.0,648.0,1000.0,602.0,"0,08094","0,21875","-0,97242","0,01086","0,20742","-0,97819",0,0,Valid,Valid,"199,9","24,7","678,0","266,4","19,1","686,3","256,4","177,2","274,0","164,7","0,5039","0,5784","0,4872","0,5996","0,5207","0,5571",1080.0,Fixation,500.0,40.0,977.0,648.0,"0,5089","0,6000"
Eye Tracker,30.09.2020,14:54:28.720,0,966.0,626.0,934.0,648.0,998.0,604.0,"0,08054","0,21882","-0,97244","0,01015","0,20814","-0,97805","3,07","3,09",Valid,Valid,"199,9","24,7","677,9","266,4","19,1","686,6","256,1","177,3","273,5","165,2","0,5032","0,5793","0,4867","0,5997","0,5198","0,5588",1080.0,Fixation,500.0,40.0,977.0,648.0,"0,5089","0,6000"
Eye Tracker,30.09.2020,14:54:28.720,0,967.0,651.0,939.0,699.0,995.0,602.0,"0,08209","0,23798","-0,96779","0,00911","0,20763","-0,97817",0,0,Valid,Valid,"200,0","24,7","677,8","266,4","19,0","686,6","257,5","191,4","272,8","164,8","0,5039","0,6025","0,4893","0,6476","0,5185","0,5575",1080.0,Fixation,500.0,40.0,977.0,648.0,"0,5089","0,6000"
Eye Tracker,30.09.2020,14:54:28.720,0,973.0,651.0,946.0,700.0,1000.0,602.0,"0,08476","0,23799","-0,96756","0,01071","0,20764","-0,97815",0,0,Valid,Valid,"199,9","24,8","677,8","266,4","19,0","686,7","259,3","191,5","274,0","164,7","0,5067","0,6026","0,4928","0,6478","0,5206","0,5574",1080.0,Fixation,500.0,40.0,977.0,648.0,"0,5089","0,6000"
Eye Tracker,30.09.2020,14:54:28.720,0,978.0,648.0,960.0,686.0,996.0,611.0,"0,09030","0,23289","-0,96830","0,00912","0,21098","-0,97745","3,15","3,11",Valid,Valid,"200,0","24,7","677,8","266,5","18,9","686,9","263,2","187,8","272,9","167,2","0,5094","0,6005","0,5002","0,6352","0,5186","0,5657",1080.0,Fixation,500.0,40.0,977.0,648.0,"0,5089","0,6000"
Eye Tracker,30.09.2020,14:54:28.720,0,979.0,649.0,954.0,685.0,1004.0,613.0,"0,08783","0,23245","-0,96864","0,01241","0,21188","-0,97722",0,0,Valid,Valid,"200,0","24,8","677,7","266,5","18,9","686,9","261,5","187,4","275,3","167,8","0,5100","0,6010","0,4969","0,6340","0,5231","0,5679",1080.0,Fixation,500.0,40.0,977.0,648.0,"0,5089","0,6000"
Eye Tracker,30.09.2020,14:54:28.720,0,980.0,647.0,942.0,702.0,1017.0,592.0,"0,08317","0,23872","-0,96752","0,01744","0,20379","-0,97886",0,0,Valid,Valid,"200,0","24,8","677,7","266,5","18,8","687,1","258,3","192,0","278,8","161,9","0,5103","0,5987","0,4908","0,6497","0,5298","0,5477",1080.0,Fixation,500.0,40.0,977.0,648.0,"0,5089","0,6000"
Eye Tracker,30.09.2020,14:54:28.720,0,979.0,650.0,939.0,709.0,1019.0,591.0,"0,08178","0,24130","-0,96700","0,01817","0,20368","-0,97887","3,12","3,13",Valid,Valid,"200,1","24,8","677,7","266,6","18,8","687,2","257,4","193,9","279,3","161,8","0,5100","0,6018","0,4891","0,6561","0,5309","0,5475",1080.0,Fixation,500.0,40.0,977.0,648.0,"0,5089","0,6000"
Eye Tracker,30.09.2020,14:54:28.720,0,981.0,643.0,946.0,690.0,1015.0,596.0,"0,08472","0,23449","-0,96842","0,01650","0,20544","-0,97853",0,0,Valid,Valid,"200,1","24,8","677,6","266,6","18,8","687,3","259,4","188,9","278,2","163,1","0,5108","0,5955","0,4929","0,6391","0,5287","0,5518",1080.0,Fixation,500.0,40.0,977.0,648.0,"0,5089","0,6000"
Eye Tracker,30.09.2020,14:54:28.720,0,980.0,651.0,944.0,708.0,1015.0,594.0,"0,08376","0,24093","-0,96692","0,01662","0,20473","-0,97868",0,0,Valid,Valid,"200,1","24,9","677,7","266,6","18,7","687,4","258,8","193,7","278,3","162,5","0,5103","0,6027","0,4918","0,6554","0,5289","0,5500",1080.0,Fixation,500.0,40.0,977.0,648.0,"0,5089","0,6000"
Eye Tracker,30.09.2020,14:54:28.720,0,975.0,652.0,941.0,701.0,1010.0,604.0,"0,08243","0,23832","-0,96768","0,01436","0,20831","-0,97796","3,08","3,11",Valid,Valid,"200,1","24,8","677,7","266,7","18,7","687,6","257,9","191,7","276,8","165,2","0,5080","0,6038","0,4900","0,6487","0,5260","0,5588",1080.0,Fixation,500.0,40.0,977.0,648.0,"0,5089","0,6000"
Eye Tracker,30.09.2020,14:54:28.720,0,966.0,640.0,927.0,684.0,1006.0,597.0,"0,07715","0,23218","-0,96961","0,01270","0,20580","-0,97851",0,0,Valid,Valid,"200,2","24,8","677,7","266,7","18,7","687,6","254,1","187,1","275,7","163,3","0,5034","0,5928","0,4829","0,6330","0,5239","0,5526",1080.0,Fixation,500.0,40.0,977.0,648.0,"0,5089","0,6000"
Eye Tracker,30.09.2020,14:54:28.720,0,977.0,638.0,943.0,687.0,1011.0,588.0,"0,08332","0,23343","-0,96880","0,01478","0,20261","-0,97915",0,0,Valid,Valid,"200,1","24,8","677,8","266,7","18,6","687,7","258,4","188,1","277,1","161,0","0,5089","0,5906","0,4911","0,6365","0,5266","0,5446",1080.0,Fixation,500.0,40.0,977.0,648.0,"0,5089","0,6000"
Eye Tracker,30.09.2020,14:54:28.720,0,973.0,645.0,940.0,693.0,1006.0,597.0,"0,08215","0,23554","-0,96839","0,01289","0,20575","-0,97852","2,99","3,08",Valid,Valid,"200,2","24,8","677,9","266,8","18,6","687,8","257,7","189,7","275,8","163,3","0,5070","0,5970","0,4897","0,6417","0,5242","0,5524",1080.0,Fixation,500.0,40.0,977.0,648.0,"0,5089","0,6000"
Eye Tracker,30.09.2020,14:54:28.720,0,979.0,649.0,947.0,699.0,1011.0,600.0,"0,08476","0,23771","-0,96763","0,01479","0,20698","-0,97823",0,0,Valid,Valid,"200,2","24,8","677,8","266,8","18,6","687,8","259,6","191,3","277,2","164,2","0,5101","0,6013","0,4933","0,6472","0,5268","0,5554",1080.0,Fixation,500.0,40.0,977.0,648.0,"0,5089","0,6000"
Eye Tracker,30.09.2020,14:54:28.720,0,976.0,654.0,939.0,702.0,1013.0,605.0,"0,08161","0,23887","-0,96762","0,01550","0,20899","-0,97779",0,0,Valid,Valid,"200,2","24,8","677,9","266,8","18,6","687,9","257,4","192,1","277,7","165,6","0,5084","0,6052","0,4891","0,6501","0,5277","0,5604",1080.0,Fixation,500.0,40.0,977.0,648.0,"0,5089","0,6000"
Eye Tracker,30.09.2020,14:54:28.720,0,982.0,636.0,943.0,672.0,1021.0,600.0,"0,08320","0,22784","-0,97014","0,01835","0,20699","-0,97817","3,18","3,15",Valid,Valid,"200,2","24,8","677,9","266,8","18,6","687,9","258,4","184,0","279,7","164,2","0,5113","0,5890","0,4910","0,6225","0,5316","0,5555",1080.0,Fixation,500.0,40.0,977.0,648.0,"0,5089","0,6000"
Eye Tracker,30.09.2020,14:54:28.720,0,979.0,663.0,937.0,717.0,1021.0,608.0,"0,08043","0,24445","-0,96632","0,01847","0,21004","-0,97752",0,0,Valid,Valid,"200,3","24,8","677,8","266,9","18,6","687,8","256,7","196,3","279,9","166,4","0,5098","0,6136","0,4878","0,6640","0,5318","0,5631",1080.0,Fixation,500.0,40.0,977.0,648.0,"0,5089","0,6000"
Eye Tracker,30.09.2020,14:54:28.720,0,975.0,666.0,936.0,717.0,1014.0,615.0,"0,08015","0,24428","-0,96639","0,01568","0,21250","-0,97703",0,0,Valid,Valid,"200,2","24,8","677,8","266,8","18,6","687,8","256,4","196,1","277,9","168,2","0,5077","0,6164","0,4873","0,6636","0,5281","0,5692",1080.0,Fixation,500.0,40.0,977.0,648.0,"0,5089","0,6000"
Eye Tracker,30.09.2020,14:54:28.720,0,979.0,663.0,944.0,703.0,1014.0,624.0,"0,08354","0,23906","-0,96740","0,01574","0,21593","-0,97628","3,13","3,20",Valid,Valid,"200,3","24,8","677,8","266,9","18,7","687,8","258,8","192,3","278,0","170,8","0,5100","0,6142","0,4918","0,6506","0,5282","0,5778",1080.0,Fixation,500.0,40.0,977.0,648.0,"0,5089","0,6000"
Eye Tracker,30.09.2020,14:54:28.720,0,975.0,663.0,940.0,701.0,1009.0,624.0,"0,08205","0,23853","-0,96766","0,01387","0,21598","-0,97630",0,0,Valid,Valid,"200,3","24,8","677,6","266,9","18,7","687,7","257,8","191,9","276,7","170,8","0,5078","0,6136","0,4898","0,6492","0,5257","0,5780",1080.0,Fixation,500.0,40.0,977.0,648.0,"0,5089","0,6000"
Eye Tracker,30.09.2020,14:54:28.720,0,982.0,654.0,943.0,693.0,1020.0,616.0,"0,08323","0,23546","-0,96831","0,01798","0,21282","-0,97693",0,0,Valid,Valid,"200,3","24,9","677,6","266,9","18,7","687,6","258,5","189,6","279,5","168,5","0,5112","0,6059","0,4912","0,6417","0,5312","0,5701",1080.0,Fixation,500.0,40.0,977.0,648.0,"0,5089","0,6000"
Eye Tracker,30.09.2020,14:54:28.720,0,1018.0,612.0,0.0,0.0,1018.0,612.0,0,0,0,"0,01731","0,21150","-0,97722",0,"3,19",Invalid,Valid,0,0,0,"266,9","18,7","687,6",0,0,"279,1","167,5","0,5303","0,5668",0,0,"0,5303","0,5668",1080.0,Fixation,500.0,40.0,977.0,648.0,"0,5089","0,6000"
Eye Tracker,30.09.2020,14:54:28.720,0,982.0,653.0,940.0,699.0,1023.0,607.0,"0,08203","0,23762","-0,96789","0,01923","0,20963","-0,97759",0,0,Valid,Valid,"200,3","24,9","677,4","266,9","18,7","687,5","257,7","191,2","280,5","166,2","0,5114","0,6046","0,4898","0,6469","0,5330","0,5623",1080.0,Fixation,500.0,40.0,977.0,648.0,"0,5089","0,6000"
Eye Tracker,30.09.2020,14:54:28.720,0,974.0,657.0,936.0,704.0,1013.0,611.0,"0,08018","0,23960","-0,96756","0,01526","0,21092","-0,97738",0,0,Valid,Valid,"200,3","25,0","677,3","266,9","18,7","687,5","256,4","192,7","277,6","167,1","0,5075","0,6087","0,4873","0,6520","0,5276","0,5654",1080.0,Fixation,500.0,40.0,977.0,648.0,"0,5089","0,6000"
Eye Tracker,30.09.2020,14:54:28.720,0,973.0,635.0,924.0,682.0,1021.0,588.0,"0,07586","0,23161","-0,96985","0,01821","0,20248","-0,97912","3,19","3,18",Valid,Valid,"200,4","25,0","677,2","267,0","18,8","687,5","253,3","186,7","279,7","160,9","0,5065","0,5881","0,4814","0,6317","0,5316","0,5445",1080.0,Fixation,500.0,40.0,977.0,648.0,"0,5089","0,6000"
Eye Tracker,30.09.2020,14:54:28.720,0,978.0,643.0,949.0,687.0,1007.0,599.0,"0,08541","0,23330","-0,96865","0,01292","0,20644","-0,97838",0,0,Valid,Valid,"200,4","25,0","677,1","267,0","18,8","687,5","260,1","188,1","276,1","163,8","0,5095","0,5953","0,4943","0,6364","0,5246","0,5543",1080.0,Fixation,500.0,40.0,977.0,648.0,"0,5089","0,6000"
Eye Tracker,30.09.2020,14:54:28.720,0,976.0,655.0,945.0,690.0,1007.0,620.0,"0,08380","0,23437","-0,96853","0,01258","0,21454","-0,97663",0,0,Valid,Valid,"200,4","25,0","677,1","267,0","18,8","687,5","259,0","188,9","275,9","169,8","0,5082","0,6068","0,4922","0,6391","0,5242","0,5745",1080.0,Fixation,500.0,40.0,977.0,648.0,"0,5089","0,6000"
Eye Tracker,30.09.2020,14:54:28.720,0,977.0,652.0,945.0,690.0,1009.0,614.0,"0,08370","0,23438","-0,96853","0,01344","0,21229","-0,97711","3,22","3,18",Valid,Valid,"200,5","25,0","677,0","267,0","18,8","687,6","259,0","188,9","276,5","168,1","0,5088","0,6040","0,4922","0,6390","0,5255","0,5689",1080.0,Fixation,500.0,40.0,977.0,648.0,"0,5089","0,6000"
Eye Tracker,30.09.2020,14:54:28.720,0,979.0,651.0,929.0,705.0,1029.0,597.0,"0,07736","0,23985","-0,96772","0,02137","0,20564","-0,97839",0,0,Valid,Valid,"200,5","25,1","676,9","267,1","18,8","687,5","254,6","192,8","282,1","163,3","0,5100","0,6024","0,4839","0,6524","0,5361","0,5524",1080.0,Fixation,500.0,40.0,977.0,648.0,"0,5089","0,6000"
Eye Tracker,30.09.2020,14:54:28.720,0,977.0,625.0,925.0,656.0,1030.0,594.0,"0,07601","0,22173","-0,97214","0,02162","0,20483","-0,97856",0,0,Valid,Valid,"200,5","25,1","676,9","267,1","18,8","687,6","253,5","179,5","282,3","162,7","0,5091","0,5789","0,4817","0,6073","0,5365","0,5504",1080.0,Fixation,500.0,40.0,977.0,648.0,"0,5089","0,6000"
Eye Tracker,30.09.2020,14:54:28.720,0,977.0,629.0,928.0,656.0,1025.0,602.0,"0,07733","0,22166","-0,97205","0,01962","0,20757","-0,97802","3,21","3,22",Valid,Valid,"200,6","25,1","676,9","267,2","18,8","687,6","254,4","179,5","281,0","164,7","0,5088","0,5822","0,4835","0,6072","0,5340","0,5573",1080.0,Fixation,500.0,40.0,977.0,648.0,"0,5089","0,6000"
Eye Tracker,30.09.2020,14:54:28.720,0,980.0,651.0,940.0,702.0,1021.0,600.0,"0,08135","0,23877","-0,96766","0,01793","0,20701","-0,97817",0,0,Valid,Valid,"200,6","25,1","676,9","267,2","18,8","687,6","257,6","192,1","279,8","164,3","0,5106","0,6030","0,4894","0,6501","0,5318","0,5559",1080.0,Fixation,500.0,40.0,977.0,648.0,"0,5089","0,6000"
Eye Tracker,30.09.2020,14:54:28.720,0,992.0,634.0,956.0,678.0,1028.0,589.0,"0,08791","0,22959","-0,96931","0,02072","0,20290","-0,97898",0,0,Valid,Valid,"200,7","25,2","676,9","267,2","18,8","687,6","262,0","185,5","281,8","161,3","0,5167","0,5867","0,4980","0,6276","0,5355","0,5457",1080.0,Fixation,500.0,40.0,977.0,648.0,"0,5089","0,6000"
Eye Tracker,30.09.2020,14:54:28.720,0,1028.0,589.0,0.0,0.0,1028.0,589.0,0,0,0,"0,02061","0,20286","-0,97899",0,"3,27",Invalid,Valid,0,0,0,"267,3","18,8","687,7",0,0,"281,8","161,3","0,5355","0,5457",0,0,"0,5355","0,5457",1080.0,Fixation,500.0,40.0,977.0,648.0,"0,5089","0,6000"
Eye Tracker,30.09.2020,14:54:28.720,0,973.0,659.0,939.0,704.0,1007.0,614.0,"0,08097","0,23932","-0,96756","0,01217","0,21206","-0,97718",0,0,Valid,Valid,"200,8","25,1","676,8","267,4","18,8","687,6","257,4","192,6","275,9","168,1","0,5068","0,6100","0,4892","0,6515","0,5244","0,5686",1080.0,Fixation,500.0,40.0,977.0,648.0,"0,5089","0,6000"
Eye Tracker,30.09.2020,14:54:28.720,0,971.0,646.0,940.0,675.0,1002.0,617.0,"0,08157","0,22885","-0,97004","0,01013","0,21330","-0,97693",0,0,Valid,Valid,"200,8","25,2","676,9","267,4","18,8","687,6","257,7","184,8","274,5","169,0","0,5057","0,5985","0,4897","0,6254","0,5217","0,5717",1080.0,Fixation,500.0,40.0,977.0,648.0,"0,5089","0,6000"
Eye Tracker,30.09.2020,14:54:28.720,0,973.0,658.0,941.0,699.0,1005.0,618.0,"0,08148","0,23751","-0,96796","0,01144","0,21332","-0,97692","3,28","3,31",Valid,Valid,"200,8","25,1","676,9","267,4","18,8","687,7","257,8","191,2","275,5","169,0","0,5067","0,6094","0,4899","0,6470","0,5235","0,5718",1080.0,Fixation,500.0,40.0,977.0,648.0,"0,5089","0,6000"
Eye Tracker,30.09.2020,14:54:28.720,0,982.0,654.0,947.0,704.0,1017.0,604.0,"0,08378","0,23947","-0,96728","0,01620","0,20834","-0,97792",0,0,Valid,Valid,"200,8","25,1","676,9","267,5","18,9","687,6","259,5","192,7","278,9","165,4","0,5115","0,6057","0,4931","0,6520","0,5299","0,5595",1080.0,Fixation,500.0,40.0,977.0,648.0,"0,5089","0,6000"
Eye Tracker,30.09.2020,14:54:28.720,0,976.0,646.0,940.0,685.0,1012.0,608.0,"0,08145","0,23226","-0,96924","0,01394","0,20967","-0,97767",0,0,Valid,Valid,"200,8","25,1","676,9","267,4","18,9","687,6","257,7","187,3","277,2","166,3","0,5083","0,5983","0,4897","0,6338","0,5269","0,5627",1080.0,Fixation,500.0,40.0,977.0,648.0,"0,5089","0,6000"
Eye Tracker,30.09.2020,14:54:28.720,0,974.0,650.0,940.0,684.0,1008.0,616.0,"0,08148","0,23224","-0,96924","0,01257","0,21265","-0,97705","3,27","3,28",Valid,Valid,"200,9","25,1","677,0","267,5","18,9","687,6","257,8","187,3","276,3","168,5","0,5075","0,6019","0,4898","0,6337","0,5251","0,5702",1080.0,Fixation,500.0,40.0,977.0,648.0,"0,5089","0,6000"
Eye Tracker,30.09.2020,14:54:28.720,0,977.0,642.0,940.0,681.0,1014.0,604.0,"0,08127","0,23103","-0,96955","0,01476","0,20808","-0,97800",0,0,Valid,Valid,"200,9","25,0","677,0","267,5","18,9","687,5","257,6","186,4","277,9","165,2","0,5088","0,5947","0,4896","0,6305","0,5281","0,5588",1080.0,Fixation,500.0,40.0,977.0,648.0,"0,5089","0,6000"
Eye Tracker,30.09.2020,14:54:28.720,0,986.0,641.0,950.0,680.0,1021.0,603.0,"0,08521","0,23062","-0,96931","0,01769","0,20776","-0,97802",0,0,Valid,Valid,"200,8","25,0","677,0","267,5","18,9","687,5","260,3","186,1","279,9","164,9","0,5133","0,5939","0,4947","0,6297","0,5319","0,5580",1080.0,Fixation,500.0,40.0,977.0,648.0,"0,5089","0,6000"
Eye Tracker,30.09.2020,14:54:28.720,0,983.0,650.0,950.0,680.0,1016.0,619.0,"0,08503","0,23069","-0,96930","0,01563","0,21385","-0,97674","3,38","3,34",Valid,Valid,"200,8","25,0","677,1","267,5","18,9","687,5","260,2","186,1","278,5","169,4","0,5119","0,6015","0,4945","0,6298","0,5292","0,5732",1080.0,Fixation,500.0,40.0,977.0,648.0,"0,5089","0,6000"
Eye Tracker,30.09.2020,14:54:28.720,0,975.0,654.0,942.0,683.0,1008.0,625.0,"0,08214","0,23183","-0,96928","0,01264","0,21625","-0,97626",0,0,Valid,Valid,"200,8","25,0","677,1","267,5","18,9","687,5","258,2","186,9","276,4","171,2","0,5080","0,6058","0,4907","0,6324","0,5252","0,5792",1080.0,Fixation,500.0,40.0,977.0,648.0,"0,5089","0,6000"
Eye Tracker,30.09.2020,14:54:28.720,0,980.0,646.0,942.0,671.0,1018.0,621.0,"0,08216","0,22746","-0,97031","0,01633","0,21461","-0,97656",0,0,Valid,Valid,"200,8","25,0","677,1","267,4","18,9","687,4","258,1","183,7","278,9","169,9","0,5103","0,5983","0,4905","0,6215","0,5301","0,5750",1080.0,Fixation,500.0,40.0,977.0,648.0,"0,5089","0,6000"
Eye Tracker,30.09.2020,14:54:28.720,0,979.0,650.0,936.0,691.0,1021.0,609.0,"0,07984","0,23476","-0,96877","0,01773","0,21002","-0,97754","3,28","3,35",Valid,Valid,"200,8","24,9","677,1","267,4","18,9","687,4","256,6","189,0","279,9","166,6","0,5098","0,6015","0,4876","0,6395","0,5319","0,5635",1080.0,Fixation,500.0,40.0,977.0,648.0,"0,5089","0,6000"
Eye Tracker,30.09.2020,14:54:28.720,0,979.0,643.0,937.0,686.0,1021.0,600.0,"0,08032","0,23309","-0,96913","0,01776","0,20678","-0,97823",0,0,Valid,Valid,"200,8","24,9","677,1","267,4","18,9","687,3","256,9","187,8","279,9","164,2","0,5101","0,5954","0,4882","0,6353","0,5319","0,5555",1080.0,Fixation,500.0,40.0,977.0,648.0,"0,5089","0,6000"
Eye Tracker,30.09.2020,14:54:28.720,0,971.0,651.0,933.0,701.0,1010.0,602.0,"0,07846","0,23866","-0,96793","0,01336","0,20753","-0,97814",0,0,Valid,Valid,"200,7","24,9","677,1","267,4","18,9","687,2","255,6","191,9","276,8","164,7","0,5059","0,6032","0,4858","0,6492","0,5259","0,5572",1080.0,Fixation,500.0,40.0,977.0,648.0,"0,5089","0,6000"
Eye Tracker,30.09.2020,14:54:28.720,0,972.0,649.0,934.0,705.0,1010.0,594.0,"0,07910","0,24011","-0,96752","0,01329","0,20448","-0,97878","3,34","3,36",Valid,Valid,"200,7","24,9","677,1","267,4","18,9","687,2","256,1","192,9","276,7","162,4","0,5063","0,6012","0,4867","0,6528","0,5259","0,5496",1080.0,Fixation,500.0,40.0,977.0,648.0,"0,5089","0,6000"
Eye Tracker,30.09.2020,14:54:28.720,0,976.0,655.0,937.0,704.0,1015.0,607.0,"0,08010","0,23958","-0,96757","0,01526","0,20935","-0,97772",0,0,Valid,Valid,"200,7","24,9","677,0","267,4","18,9","687,1","256,8","192,6","278,1","166,0","0,5082","0,6067","0,4880","0,6515","0,5285","0,5618",1080.0,Fixation,500.0,40.0,977.0,648.0,"0,5089","0,6000"
Eye Tracker,30.09.2020,14:54:28.720,0,980.0,641.0,945.0,671.0,1015.0,610.0,"0,08339","0,22757","-0,97018","0,01525","0,21074","-0,97742",0,0,Valid,Valid,"200,7","24,9","677,0","267,3","18,9","687,0","258,9","183,8","278,0","167,1","0,5102","0,5935","0,4920","0,6217","0,5284","0,5652",1080.0,Fixation,500.0,40.0,977.0,648.0,"0,5089","0,6000"
Eye Tracker,30.09.2020,14:54:28.720,0,977.0,654.0,943.0,691.0,1010.0,617.0,"0,08268","0,23482","-0,96852","0,01352","0,21329","-0,97690","3,38","3,36",Valid,Valid,"200,7","24,9","677,0","267,4","19,0","687,0","258,5","189,1","276,9","168,9","0,5087","0,6057","0,4913","0,6398","0,5261","0,5716",1080.0,Fixation,500.0,40.0,977.0,648.0,"0,5089","0,6000"
Eye Tracker,30.09.2020,14:54:28.720,0,972.0,653.0,940.0,696.0,1004.0,611.0,"0,08119","0,23654","-0,96822","0,01126","0,21082","-0,97746",0,0,Valid,Valid,"200,7","25,0","677,0","267,4","19,0","686,9","257,5","190,3","275,3","167,2","0,5062","0,6048","0,4893","0,6440","0,5231","0,5656",1080.0,Fixation,500.0,40.0,977.0,648.0,"0,5089","0,6000"
0,30.09.2020,14:54:28.720,Photo3,0.0,0.0,0.0,0.0,0.0,0.0,0,0,0,0,0,0,0,0,0,0,0,0,0,0,0,0,0,0,0,0,0,0,0,0,0,0,0.0,Fixation,500.0,40.0,977.0,648.0,0,0
Eye Tracker,30.09.2020,14:54:28.720,0,972.0,653.0,937.0,698.0,1008.0,608.0,"0,08015","0,23731","-0,96812","0,01282","0,20969","-0,97768",0,0,Valid,Valid,"200,7","25,0","677,0","267,3","19,0","686,9","256,7","190,9","276,3","166,3",0,0,0,0,0,0,0.0,Fixation,500.0,40.0,977.0,648.0,0,0
Eye Tracker,30.09.2020,14:54:28.720,0,974.0,654.0,936.0,696.0,1012.0,613.0,"0,07980","0,23673","-0,96829","0,01420","0,21145","-0,97729","3,35","3,39",Valid,Valid,"200,7","25,0","677,0","267,4","19,0","686,8","256,5","190,5","277,3","167,7",0,0,0,0,0,0,0.0,Fixation,500.0,40.0,977.0,648.0,0,0
Eye Tracker,30.09.2020,14:54:28.720,0,977.0,654.0,937.0,691.0,1018.0,616.0,"0,08015","0,23478","-0,96874","0,01655","0,21277","-0,97696",0,0,Valid,Valid,"200,7","25,0","676,9","267,4","19,1","686,8","256,7","189,1","279,0","168,7",0,0,0,0,0,0,0.0,Fixation,500.0,40.0,977.0,648.0,0,0
Eye Tracker,30.09.2020,14:54:28.720,0,981.0,653.0,941.0,693.0,1021.0,613.0,"0,08179","0,23565","-0,96839","0,01780","0,21166","-0,97718",0,0,Valid,Valid,"200,7","25,0","677,0","267,3","19,1","686,8","257,9","189,8","279,8","167,8",0,0,0,0,0,0,0.0,Fixation,500.0,40.0,977.0,648.0,0,0
